           2   6.4517199999999941E-004   2.7560099999999962E-003
           3   7.2872400000000004E-004   3.7370669999999967E-003
           4   6.1377700000009305E-004   3.6853639999999688E-003
           5   6.3550099999998277E-004   5.0455979999999290E-003
           6   1.0659269999999665E-003   6.4976650000000413E-003
           7   2.2696429999999879E-003   6.4714519999999887E-003
           8   6.7604359999999808E-003   8.3503910000000126E-003
           9   2.5982414000000009E-002   8.2824180000000691E-003
          10  0.10299941700000037        1.1331934000000210E-002
          11  0.42548220800000003        1.4629454999999680E-002
          12   1.7770749909999992        2.5408683999998516E-002
