           2   5.1403599999999550E-004   2.0676949999999944E-003
           3   4.9533200000000110E-004   2.4620679999999978E-003
           4   6.2041099999998739E-004   4.2596440000000069E-003
           5   9.8851499999996761E-004   5.7845140000000184E-003
           6   1.4561490000000177E-003   6.9247769999999931E-003
           7   3.3748679999999753E-003   6.9319380000000264E-003
           8   9.7060479999999671E-003   8.4126310000000037E-003
           9   3.7171167999999977E-002   9.5088829999998570E-003
          10  0.14949011599999995        1.2659307999999925E-002
          11  0.62345893999999902        1.9033363000000136E-002
          12   4.4784114770000016        3.8913553999996964E-002
