           2   9.7756199999999996E-004   1.5490079999999997E-003
           3   2.8071800000000011E-004   9.4981299999999987E-004
           4   3.1572400000000073E-004   1.4083469999999999E-003
           5   4.5225800000000052E-004   2.0144250000000002E-003
           6   8.4275200000000043E-004   2.6211599999999991E-003
           7   2.6635679999999998E-003   3.5392870000000021E-003
           8   8.6239610000000029E-003   3.8198640000000027E-003
           9   3.0059359000000001E-002   5.9252659999999985E-003
          10  0.11772008599999995        9.0100920000000251E-003
          11  0.51140745700000001        1.8109158999999986E-002
          12   2.2285224270000001        3.3258463000000127E-002
          13   14.532392919000001        7.2216185999998572E-002
          14   58.200848678000000       0.15293712599999765     
