           2   9.0958199999999993E-004   1.6166499999999999E-003
           3   2.6278400000000028E-004   1.0687939999999996E-003
           4   2.8780800000000051E-004   1.5899970000000001E-003
           5   4.0823499999999985E-004   2.2299499999999996E-003
           6   6.9091099999999891E-004   2.7627229999999999E-003
           7   1.8123680000000000E-003   3.5324499999999995E-003
           8   6.0350839999999996E-003   3.9900339999999999E-003
           9   2.1537562999999996E-002   3.8318920000000034E-003
          10   6.9922111999999995E-002   5.0682599999999911E-003
          11  0.27342016000000002        8.2423259999999665E-003
          12   1.1775258470000001        1.5070636999999998E-002
          13   7.6253665890000004        2.7083292000000370E-002
          14   37.511100777000003        5.7013572000002455E-002
