           2   2.1419799999999997E-004   8.5958200000000001E-004
           3   1.4925000000000051E-005   3.3881299999999987E-004
           4   2.9652000000000237E-005   4.7642700000000019E-004
           5   7.6210999999999640E-005   7.1013799999999992E-004
           6   5.0706300000000031E-004   9.9508399999999938E-004
           7   1.8953849999999994E-003   1.5719879999999999E-003
           8   8.9547429999999976E-003   2.5290760000000016E-003
           9   3.2690831000000004E-002   4.0890290000000010E-003
          10  0.12526458400000001        7.1989879999999895E-003
          11  0.50946885399999997        1.5775933000000020E-002
          12   1.9881824650000000        3.6162865000000100E-002
          13   8.5886166139999993        7.6796914000000882E-002
          14   46.711992594999998       0.16826072300000305     
