           2   1.4066696166992188E-005   1.0681152343750000E-004
           3   1.9311904907226562E-005   8.8453292846679688E-005
           4   5.6505203247070312E-005   1.1038780212402344E-004
           5   1.9025802612304688E-004   2.2435188293457031E-004
           6   6.8950653076171875E-004   8.1300735473632812E-004
           7   2.7914047241210938E-003   3.6711692810058594E-003
           8   1.1570692062377930E-002   2.3716449737548828E-002
           9   4.4762849807739258E-002  0.14147043228149414     
          10  0.17483186721801758        1.2105257511138916     
          11  0.78840875625610352        18.642541885375977     
          12   8.3438632488250732        96.402968883514404     
          13   19.665257692337036        645.95840644836426     
