           2   1.4781951904296875E-005   1.7189979553222656E-004
           3   1.9311904907226562E-005   1.3113021850585938E-004
           4   5.0544738769531250E-005   1.7261505126953125E-004
           5   1.7809867858886719E-004   3.4499168395996094E-004
           6   6.8521499633789062E-004   8.8596343994140625E-004
           7   2.8107166290283203E-003   2.9566287994384766E-003
           8   1.1564016342163086E-002   1.3714075088500977E-002
           9   4.5065641403198242E-002   7.7441215515136719E-002
          10  0.18713402748107910       0.68215847015380859     
          11  0.87481665611267090        5.3827786445617676     
          12   3.9100790023803711        42.316917419433594     
          13   24.624180316925049        361.71410083770752     
