           2   1.9073486328125000E-005   4.2057037353515625E-004
           3   3.4332275390625000E-005   4.3184757232666016E-003
           4   1.2516975402832031E-004   8.6784362792968750E-004
           5   4.7874450683593750E-004   1.8630027770996094E-003
           6   1.8320083618164062E-003   4.0843486785888672E-003
           7   7.6429843902587891E-003   1.3290643692016602E-002
           8   3.3781528472900391E-002   4.2468070983886719E-002
           9  0.14470458030700684       0.12766504287719727     
          10  0.57970166206359863       0.73949265480041504     
          11   2.3799376487731934        4.9202637672424316     
          12   9.8553407192230225        34.205183744430542     
