           2   0.0000000000000000       -3.0000000000000013        4.6852808349376150E-016   8.3536600000000015E-004
           2  0.30000001192092896       -3.0000000000000004        3.2930018743664462E-016   5.5885599999999994E-004
           2  0.60000002384185791       -3.0000000000000004        4.1957134024466456E-016   5.3501900000000116E-004
           2  0.90000003576278687       -3.0000000000000000        1.0015528301199778E-015   5.1747499999999988E-004
           2   1.2000000476837158       -3.0000000000000000        5.4717292663177864E-016   5.0241699999999806E-004
           2   1.5000000000000000       -3.0000000000000004        2.0417527660925422E-016   5.2386700000000078E-004
           2   1.8000000715255737       -2.9999999999999996        3.4584113738546736E-016   4.9817300000000106E-004
           2   2.1000001430511475       -3.1000001430511475        2.9807938356292432E-016   4.9863299999999833E-004
           2   2.4000000953674316       -3.4000000953674325        3.4939753919741441E-016   4.9598600000000034E-004
           2   2.7000000476837158       -3.7000000476837158        2.7271692422259393E-016   4.9666199999999841E-004
           2   3.0000000000000000       -4.0000000000000000        8.7719393414082772E-017   4.9574299999999988E-004
           3   0.0000000000000000       -2.3333333333333339        8.5712752544036251E-016   8.3420899999999895E-004
           3  0.30000001192092896       -2.4333333373069768        4.7559795033100096E-016   8.1825099999999901E-004
           3  0.60000002384185791       -2.5333333412806192        2.7300650857581962E-016   7.7846700000000491E-004
           3  0.90000003576278687       -2.6333333452542624        2.6942262802652903E-016   7.5987100000000224E-004
           3   1.2000000476837158       -2.7333333492279057        3.7664833700270314E-016   7.8886899999999760E-004
           3   1.5000000000000000       -2.8333333333333335        2.8434390043020676E-016   7.4076899999999529E-004
           3   1.8000000715255737       -2.9333333571751905        5.6994334369781107E-016   7.5838599999999978E-004
           3   2.1000001430511475       -3.1000001430511479        2.9919758182089632E-016   7.5060400000000194E-004
           3   2.4000000953674316       -3.4000000953674316        4.2950204968357212E-016   7.7125299999999952E-004
           3   2.7000000476837158       -3.7000000476837145        4.8252118091963302E-016   7.8450800000000320E-004
           3   3.0000000000000000       -4.0000000000000000        5.6377786702245531E-016   7.9719000000000317E-004
           4   0.0000000000000000       -2.3722813232690156        7.8399407379620556E-016   1.8619799999999992E-003
           4  0.30000001192092896       -2.3722813232690139        4.0295593545001969E-016   1.3505679999999964E-003
           4  0.60000002384185791       -2.3722813232690143        9.1746324301120921E-016   1.2646959999999957E-003
           4  0.90000003576278687       -2.4500000178813943        1.0447670549402962E-015   1.2550720000000029E-003
           4   1.2000000476837158       -2.6000000238418592        9.1457762507266986E-016   1.2965739999999948E-003
           4   1.5000000000000000       -2.7500000000000004        1.0797055546167983E-015   1.3253120000000021E-003
           4   1.8000000715255737       -2.9000000357627864        4.1665473353084903E-016   1.4280339999999947E-003
           4   2.1000001430511475       -3.1000001430511497        7.9944595397402835E-016   1.3286510000000001E-003
           4   2.4000000953674316       -3.4000000953674312        6.3619287585381883E-016   1.3064379999999931E-003
           4   2.7000000476837158       -3.7000000476837172        6.9188920010581330E-016   1.4089679999999966E-003
           4   3.0000000000000000       -3.9999999999999978        7.3935068657469529E-016   1.3841740000000019E-003
           5   0.0000000000000000       -2.2492422502470641        4.4983380264360016E-013   1.3409350000000014E-003
           5  0.30000001192092896       -2.3092422526312499        7.7755604830155626E-011   1.8476239999999922E-003
           5  0.60000002384185791       -2.3692422550154357        1.4205760715906527E-010   1.9465109999999980E-003
           5  0.90000003576278687       -2.4292422573996237        2.1239989405751290E-010   2.0408050000000066E-003
           5   1.2000000476837158       -2.5200000286102284        3.6589007731412130E-010   2.0198909999999959E-003
           5   1.5000000000000000       -2.6999999999999984        2.1504184360138512E-012   2.0264440000000022E-003
           5   1.8000000715255737       -2.8800000429153436        2.9780738064554641E-011   2.1390799999999877E-003
           5   2.1000001430511475       -3.1000001430511466        1.0640999242717686E-010   2.0481519999999975E-003
           5   2.4000000953674316       -3.4000000953674303        1.9041105349899604E-012   1.5165020000000029E-003
           5   2.7000000476837158       -3.7000000476837158        1.1611310983139655E-012   1.7829779999999906E-003
           5   3.0000000000000000       -3.9999999999999978        2.8511895761462522E-013   1.5973070000000061E-003
           6   0.0000000000000000       -2.2730106441039672        6.8148047858487158E-011   1.7284589999999878E-003
           6  0.30000001192092896       -2.2730106441039686        4.9912023806813008E-009   2.1040209999999976E-003
           6  0.60000002384185791       -2.3157985296819161        1.7127105022071870E-011   2.5040050000000036E-003
           6  0.90000003576278687       -2.4157985336555536        3.4561814045465105E-012   2.6116810000000046E-003
           6   1.2000000476837158       -2.5157985376292054        7.3832252221931059E-012   2.7838429999999942E-003
           6   1.5000000000000000       -2.6666666666666656        3.0918195891128069E-012   2.8640239999999928E-003
           6   1.8000000715255737       -2.8666667143503823        3.3027234792124568E-009   2.1808980000000144E-003
           6   2.1000001430511475       -3.1000001430511475        3.3388564288498995E-009   2.0437560000000077E-003
           6   2.4000000953674316       -3.4000000953674334        4.4482408598274080E-011   2.0066519999999977E-003
           6   2.7000000476837158       -3.7000000476837158        5.4191419528616465E-012   2.0629339999999885E-003
           6   3.0000000000000000       -4.0000000000000000        1.0881927839413996E-012   1.9867330000000183E-003
           7   0.0000000000000000       -2.2236206375173508        7.1618520518087716E-012   2.3159839999999932E-003
           7  0.30000001192092896       -2.2664777820774851        3.2602282492859306E-010   2.6725579999999916E-003
           7  0.60000002384185791       -2.3093349266376166        1.2118515512733633E-009   3.0946370000000112E-003
           7  0.90000003576278687       -2.3837532993244612        5.3800882583551833E-011   3.0652959999999951E-003
           7   1.2000000476837158       -2.5123247330048626        7.7311911614432104E-009   2.6569349999999992E-003
           7   1.5000000000000000       -2.6428571428571397        4.7295339048141933E-010   3.1424580000000146E-003
           7   1.8000000715255737       -2.8571429082325515        1.6084580964550163E-011   3.1858280000000017E-003
           7   2.1000001430511475       -3.1000001430511452        1.4174291439738396E-009   2.6548889999999936E-003
           7   2.4000000953674316       -3.4000000953674308        6.7762607982486911E-012   2.9338630000000088E-003
           7   2.7000000476837158       -3.7000000476837158        3.5727088848379078E-009   2.1528269999999960E-003
           7   3.0000000000000000       -3.9999999999999991        6.8500367640382543E-010   2.0773890000000128E-003
           8   0.0000000000000000       -2.2390782121710791        1.0104677505902114E-010   3.5394729999999874E-003
           8  0.30000001192092896       -2.2390782121710795        2.7565787390826577E-009   4.2560360000000186E-003
           8  0.60000002384185791       -2.3021688774641498        1.0297615295553027E-009   3.5946319999999865E-003
           8  0.90000003576278687       -2.3771688804443820        4.0366183721864572E-009   3.5070809999999952E-003
           8   1.2000000476837158       -2.4984816825923839        2.3722066293010315E-010   3.9968630000000172E-003
           8   1.5000000000000000       -2.6484816587505264        3.1648745678705112E-010   4.0487939999999667E-003
           8   1.8000000715255737       -2.8500000536441776        7.2082925211856490E-011   3.7481149999999963E-003
           8   2.1000001430511475       -3.1000001430511470        6.1145409434568689E-011   3.6928220000000400E-003
           8   2.4000000953674316       -3.4000000953674312        9.7448906220733830E-011   3.3747980000000122E-003
           8   2.7000000476837158       -3.7000000476837211        8.1367011942977732E-012   3.2574089999999889E-003
           8   3.0000000000000000       -3.9999999999999991        1.1507806597005981E-009   2.8539430000000254E-003
           9   0.0000000000000000       -2.2128457251221194        1.7525735641006592E-010   3.3132730000000055E-003
           9  0.30000001192092896       -2.2461790597800055        1.1403222213285219E-010   4.6102780000000232E-003
           9  0.60000002384185791       -2.2795123944378854        7.9167551127635378E-009   4.6253849999999819E-003
           9  0.90000003576278687       -2.3772343845922408        1.0173590521584751E-009   7.6955599999999902E-003
           9   1.2000000476837158       -2.4815239480532423        2.0061146016934100E-009   7.7198519999999715E-003
           9   1.5000000000000000       -2.6481905882289549        2.5931141204102048E-010   7.7987869999999737E-003
           9   1.8000000715255737       -2.8444445000754430        3.5442169151554531E-010   7.3511439999999206E-003
           9   2.1000001430511475       -3.1000001430511479        1.8569557919417815E-009   6.5160859999999765E-003
           9   2.4000000953674316       -3.4000000953674330        1.5994627193504981E-009   5.3944820000000338E-003
           9   2.7000000476837158       -3.7000000476837176        1.1532575266606661E-010   5.4578240000000555E-003
           9   3.0000000000000000       -3.9999999999999960        3.1412433666942630E-009   4.6037979999999923E-003
          10   0.0000000000000000       -2.2235305971038928        4.9892811572270008E-010   8.0059479999999850E-003
          10  0.30000001192092896       -2.2283490400231676        7.9606602496019379E-010   1.0404571000000029E-002
          10  0.60000002384185791       -2.2883490424073520        6.7044857329775289E-009   1.2037642000000015E-002
          10  0.90000003576278687       -2.3656723470488297        2.0528447223084250E-009   1.0183223999999935E-002
          10   1.2000000476837158       -2.4856723518172017        4.1310375287694636E-009   1.0249230999999970E-002
          10   1.5000000000000000       -2.6442973570033113        3.7175634628123262E-009   1.1330663000000074E-002
          10   1.8000000715255737       -2.8400000572204553        7.0255240323474793E-009   1.1804440000000138E-002
          10   2.1000001430511475       -3.1000001430511475        5.5796557344878419E-009   9.7613199999999622E-003
          10   2.4000000953674316       -3.4000000953674330        1.6442289063476174E-009   9.1978100000000840E-003
          10   2.7000000476837158       -3.7000000476837172        3.9719453829134528E-009   7.3610410000000126E-003
          10   3.0000000000000000       -4.0000000000000044        3.1063406629546354E-010   7.3855679999998980E-003
          11   0.0000000000000000       -2.2073509508491971        3.4334144216754359E-010   1.1120613000000112E-002
          11  0.30000001192092896       -2.2346236792056482        1.2391598295959989E-009   1.5327321000000005E-002
          11  0.60000002384185791       -2.2804881697691326        6.1582557592764568E-009   1.4913775000000129E-002
          11  0.90000003576278687       -2.3623063548384713        5.1371713218650243E-010   1.7823264000000005E-002
          11   1.2000000476837158       -2.4852423330506084        3.2566400666281233E-009   1.5960591999999885E-002
          11   1.5000000000000000       -2.6388261971700842        1.1632194668651000E-009   2.1344087000000123E-002
          11   1.8000000715255737       -2.8363636948845623        1.2754083253816968E-009   1.9529902999999571E-002
          11   2.1000001430511475       -3.1000001430511444        5.7879677156617979E-009   1.6185907999999749E-002
          11   2.4000000953674316       -3.4000000953674276        9.9363084548382459E-009   1.2436315999999614E-002
          11   2.7000000476837158       -3.7000000476837105        3.9204057588178539E-010   1.2417216999999425E-002
          11   3.0000000000000000       -3.9999999999999982        7.7494390698660863E-009   1.1617714999999862E-002
          12   0.0000000000000000       -2.2151289960134144        7.7155015070239384E-010   2.1959130000000826E-002
          12  0.30000001192092896       -2.2269727656959448        2.0304149608386139E-009   2.9100879000001356E-002
          12  0.60000002384185791       -2.2769727676827691        2.6044954721793377E-009   2.7394290000000154E-002
          12  0.90000003576278687       -2.3638829230550011        2.7077659804115161E-009   2.7155096999999628E-002
          12   1.2000000476837158       -2.4800553780701278        4.2150073368083452E-009   3.0236969999998919E-002
          12   1.5000000000000000       -2.6327757387455013        2.1824268292081185E-009   3.5313108000000426E-002
          12   1.8000000715255737       -2.8333333929379774        6.2539287693508264E-009   3.8066546000003143E-002
          12   2.1000001430511475       -3.1000001430511506        5.4700408987301030E-010   3.3255348000000851E-002
          12   2.4000000953674316       -3.4000000953674339        1.7055513003486698E-009   2.9176685999999563E-002
          12   2.7000000476837158       -3.7000000476837176        1.8141960300351380E-010   2.3653382999999195E-002
          12   3.0000000000000000       -4.0000000000000000        1.4619384816245379E-009   2.0502956999997934E-002
