   0.0000000000000000        0.00000000    
  0.15000000596046448        0.00000000    
  0.30000001192092896        0.00000000    
  0.45000001788139343        0.00000000    
  0.60000002384185791        0.00000000    
  0.75000000000000000        0.00000000    
  0.90000003576278687        0.00000000    
   1.0500000715255737        0.00000000    
   1.2000000476837158        0.00000000    
   1.3500000238418579        0.00000000    
   1.5000000000000000        0.00000000    
   1.6500000953674316        0.00000000    
   1.8000000715255737        0.00000000    
   1.9500000476837158        0.00000000    
   2.1000001430511475        0.00000000    
   2.2500000000000000        0.00000000    
   2.4000000953674316        0.00000000    
   2.5500001907348633        0.00000000    
   2.7000000476837158        0.00000000    
   2.8500001430511475        0.00000000    
   3.0000000000000000        0.00000000    
