   0.0000000000000000       -2.1547005383792452     
  0.15000000596046448       -2.1547005383792510     
  0.30000001192092896       -2.1547005383792510     
  0.45000001788139343       -2.1547005383792510     
  0.60000002384185791       -2.1547005383792510     
  0.75000000000000000       -2.1547005383792510     
  0.90000003576278687       -2.1547005383792510     
   1.0500000715255737       -2.1547005383792510     
   1.2000000476837158       -2.1547005383792510     
   1.3500000238418579       -2.1761423908099684     
   1.5000000000000000       -2.2761423749153966     
   1.6500000953674316       -2.3761424384936842     
   1.8000000715255737       -2.4761424225991124     
   1.9500000476837158       -2.5761424067045406     
   2.1000001430511475       -2.6761424702828283     
   2.2500000000000000       -2.7761423749153966     
   2.4000000953674316       -2.8761424384936842     
   2.5500001907348633       -2.9761425020719723     
   2.7000000476837158       -3.0761424067045406     
   2.8500001430511475       -3.1761424702828283     
   3.0000000000000000       -3.2761423749153966     
