   0.0000000000000000       -1.8924600921257249     
  0.15000000596046448       -1.8924600921257257     
  0.30000001192092896       -1.8924600921257246     
  0.45000001788139343       -1.8924600921257151     
  0.60000002384185791       -1.8924600921257249     
  0.75000000000000000       -1.9136327064451366     
  0.90000003576278687       -1.9469660477257555     
   1.0500000715255737       -1.9802993890063760     
   1.2000000476837158       -2.0136327170415207     
   1.3500000238418579       -2.0469660450766600     
   1.5000000000000000       -2.0802993731118042     
   1.6500000953674316       -2.1136327276378970     
   1.8000000715255737       -2.1469660556730417     
   1.9500000476837158       -2.1802993837081850     
   2.1000001430511475       -2.2449911894517323     
   2.2500000000000000       -2.3116577925401347     
   2.4000000953674316       -2.3783245015923269     
   2.5500001907348633       -2.4449912106445182     
   2.7000000476837158       -2.5116578137328989     
   2.8500001430511475       -2.5783245227850897     
   3.0000000000000000       -2.6598318943354418     
