   0.0000000000000000       -1.8681608531896574     
  0.15000000596046448       -1.8869108539347150     
  0.30000001192092896       -1.9056608546797742     
  0.45000001788139343       -1.9244108554248271     
  0.60000002384185791       -1.9431608561698903     
  0.75000000000000000       -1.9619108531896559     
  0.90000003576278687       -1.9806608576600047     
   1.0500000715255737       -1.9994108621303548     
   1.2000000476837158       -2.0181608591501226     
   1.3500000238418579       -2.0369108561698877     
   1.5000000000000000       -2.0653904922721500     
   1.6500000953674316       -2.1216405280349369     
   1.8000000715255737       -2.1778905190942393     
   1.9500000476837158       -2.2341405101535377     
   2.1000001430511475       -2.2903905459163303     
   2.2500000000000000       -2.3466404922721491     
   2.4000000953674316       -2.4028905280349364     
   2.5500001907348633       -2.4591405637977228     
   2.7000000476837158       -2.5229513171122191     
   2.8500001430511475       -2.6167013767168634     
   3.0000000000000000       -2.7104512873098967     
