   0.0000000000000000       -1.9285329135359366     
  0.15000000596046448       -1.9285329135359359     
  0.30000001192092896       -1.9285329135359361     
  0.45000001788139343       -1.9285329135359415     
  0.60000002384185791       -1.9285329135359384     
  0.75000000000000000       -1.9285329135359370     
  0.90000003576278687       -1.9612802889395875     
   1.0500000715255737       -2.0041374420146698     
   1.2000000476837158       -2.0469945780598526     
   1.3500000238418579       -2.0898517141050350     
   1.5000000000000000       -2.1327088501502192     
   1.6500000953674316       -2.1755660202551970     
   1.8000000715255737       -2.2184231563003856     
   1.9500000476837158       -2.2612802923455662     
   2.1000001430511475       -2.3041374624505484     
   2.2500000000000000       -2.3469945644359211     
   2.4000000953674316       -2.4180649115313657     
   2.5500001907348633       -2.5037792517413289     
   2.7000000476837158       -2.5894934557120974     
   2.8500001430511475       -2.6752077959220597     
   3.0000000000000000       -2.7609219998928327     
