   0.0000000000000000       -1.0000000000000000     
  0.15000000596046448       -1.0077473185867716     
  0.30000001192092896       -1.0311509686038900     
  0.45000001788139343       -1.0707928317844706     
  0.60000002384185791       -1.1282425411467334     
  0.75000000000000000       -1.2069082772706223     
  0.90000003576278687       -1.3091801968018362     
   1.0500000715255737       -1.4310751132808228     
   1.2000000476837158       -1.5659702868188725     
   1.3500000238418579       -1.7091722080474363     
   1.5000000000000000       -1.8579161734751568     
   1.6500000953674316       -2.0105444356942508     
   1.8000000715255737       -2.1660076971235518     
   1.9500000476837158       -2.3236083499110531     
   2.1000001430511475       -2.4828630587213145     
   2.2500000000000000       -2.6434250763404314     
   2.4000000953674316       -2.8050398319220831     
   2.5500001907348633       -2.9675148188961304     
   2.7000000476837158       -3.1307019928349038     
   2.8500001430511475       -3.2944863192566811     
   3.0000000000000000       -3.4587755724038369     
