   0.0000000000000000       -1.0000000000000000     
  0.15000000596046448       -1.0075123858052395     
  0.30000001192092896       -1.0302027475782558     
  0.45000001788139343       -1.0685902798322304     
  0.60000002384185791       -1.1239633287701654     
  0.75000000000000000       -1.1994097811838822     
  0.90000003576278687       -1.2981754460857833     
   1.0500000715255737       -1.4172185833377775     
   1.2000000476837158       -1.5497044900545607     
   1.3500000238418579       -1.6906711961595295     
   1.5000000000000000       -1.8372505496398948     
   1.6500000953674316       -1.9877471797418973     
   1.8000000715255737       -2.1410962138980065     
   1.9500000476837158       -2.2965926836128379     
   2.1000001430511475       -2.4537494003822369     
   2.2500000000000000       -2.6122174445401845     
   2.4000000953674316       -2.7717409324376305     
   2.5500001907348633       -2.9321265397398260     
   2.7000000476837158       -3.0932256890976770     
   2.8500001430511475       -3.2549229778870288     
   3.0000000000000000       -3.4171259366232594     
