   0.0000000000000000       -1.9999999999999998     
  0.15000000596046448       -2.0750000029802322     
  0.30000001192092896       -2.1500000059604645     
  0.45000001788139343       -2.2250000089406967     
  0.60000002384185791       -2.3000000119209290     
  0.75000000000000000       -2.3750000000000000     
  0.90000003576278687       -2.4500000178813934     
   1.0500000715255737       -2.5250000357627869     
   1.2000000476837158       -2.6000000238418579     
   1.3500000238418579       -2.6750000119209290     
   1.5000000000000000       -2.7500000000000000     
   1.6500000953674316       -2.8250000476837158     
   1.8000000715255737       -2.9000000357627869     
   1.9500000476837158       -2.9750000238418579     
   2.1000001430511475       -3.0500000715255737     
   2.2500000000000000       -3.1250000000000000     
   2.4000000953674316       -3.2000000476837158     
   2.5500001907348633       -3.2750000953674312     
   2.7000000476837158       -3.3500000238418575     
   2.8500001430511475       -3.4250000715255737     
   3.0000000000000000       -3.5000000000000000     
