   0.0000000000000000       -1.9278862533179952     
  0.15000000596046448       -1.9653862548081102     
  0.30000001192092896       -2.0028862562982264     
  0.45000001788139343       -2.0403862577883394     
  0.60000002384185791       -2.0778862592784595     
  0.75000000000000000       -2.1153862533179879     
  0.90000003576278687       -2.1528862622586904     
   1.0500000715255737       -2.1903862711993871     
   1.2000000476837158       -2.2278862652389226     
   1.3500000238418579       -2.2653862592784582     
   1.5000000000000000       -2.3028862533179937     
   1.6500000953674316       -2.3403862771598520     
   1.8000000715255737       -2.3778862711993871     
   1.9500000476837158       -2.4153862652389231     
   2.1000001430511475       -2.4528862890807810     
   2.2500000000000000       -2.4965169943749475     
   2.4000000953674316       -2.6090170659005212     
   2.5500001907348633       -2.7215171374260949     
   2.7000000476837158       -2.8340170301377343     
   2.8500001430511475       -2.9465171016633080     
   3.0000000000000000       -3.0590169943749475     
