   0.0000000000000000       -1.8908264537911010     
  0.15000000596046448       -1.9158264547845105     
  0.30000001192092896       -1.9408264557779209     
  0.45000001788139343       -1.9658264567713315     
  0.60000002384185791       -1.9908264577647443     
  0.75000000000000000       -2.0158264537910990     
  0.90000003576278687       -2.0408264597515644     
   1.0500000715255737       -2.0658264657120302     
   1.2000000476837158       -2.0908264617383758     
   1.3500000238418579       -2.1158264577647423     
   1.5000000000000000       -2.1408264537911008     
   1.6500000953674316       -2.1658264696856722     
   1.8000000715255737       -2.2009366994233521     
   1.9500000476837158       -2.2759366875024232     
   2.1000001430511475       -2.3509367351861390     
   2.2500000000000000       -2.4259366636605653     
   2.4000000953674316       -2.5009367113442811     
   2.5500001907348633       -2.5759367590279969     
   2.7000000476837158       -2.6509366875024232     
   2.8500001430511475       -2.7259367351861390     
   3.0000000000000000       -2.8009366636605648     
