  -6.3000001907348633       -6.3788715619033525     
  -6.0000000000000000       -6.0827625302982185     
  -5.7000002861022949       -5.7870548002905808     
  -5.4000000953674316       -5.4918121808714710     
  -5.1000003814697266       -5.1971149584160017     
  -4.8000001907348633       -4.9030604555782018     
  -4.5000000000000000       -4.6097722286464444     
  -4.2000002861022949       -4.3174069073066716     
  -3.9000000953674316       -4.0261645202184644     
  -3.6000001430511475       -3.7363084762862235     
  -3.3000001907348633       -3.4481881124512532     
  -3.0000000000000000       -3.1622776601683795     
  -2.7000000476837158       -2.8792360544929392     
  -2.4000000953674316       -2.6000000880314755     
  -2.1000001430511475       -2.3259407990778351     
  -1.8000000715255737       -2.0591260907220010     
  -1.5000000000000000       -1.8027756377319948     
  -1.2000000476837158       -1.5620499718129763     
 -0.90000003576278687       -1.3453624286314143     
 -0.60000002384185791       -1.1661903912355949     
 -0.30000001192092896       -1.0440306543165088     
   0.0000000000000000       -1.0000000000000000     
  0.30000001192092896       -1.0440306543165088     
  0.60000002384185791       -1.1661903912355949     
  0.90000003576278687       -1.3453624286314143     
   1.2000000476837158       -1.5620499718129763     
   1.5000000000000000       -1.8027756377319948     
   1.8000000715255737       -2.0591260907220010     
   2.1000001430511475       -2.3259407990778351     
   2.4000000953674316       -2.6000000880314755     
   2.7000000476837158       -2.8792360544929392     
   3.0000000000000000       -3.1622776601683795     
   3.3000001907348633       -3.4481881124512532     
   3.6000001430511475       -3.7363084762862235     
   3.9000000953674316       -4.0261645202184644     
   4.2000002861022949       -4.3174069073066716     
   4.5000000000000000       -4.6097722286464444     
   4.8000001907348633       -4.9030604555782018     
   5.1000003814697266       -5.1971149584160017     
   5.4000000953674316       -5.4918121808714710     
   5.7000002861022949       -5.7870548002905808     
   6.0000000000000000       -6.0827625302982185     
