   0.0000000000000000       -1.9948617071103414     
  0.15000000596046448       -1.9948617071103414     
  0.30000001192092896       -1.9948617071103414     
  0.45000001788139343       -1.9948617071103409     
  0.60000002384185791       -1.9948617071103409     
  0.75000000000000000       -1.9948617071103414     
  0.90000003576278687       -1.9948617071103409     
   1.0500000715255737       -2.0215963141290541     
   1.2000000476837158       -2.0815963045923125     
   1.3500000238418579       -2.1415962950555683     
   1.5000000000000000       -2.2015962855188276     
   1.6500000953674316       -2.2615963236657990     
   1.8000000715255737       -2.3215963141290552     
   1.9500000476837158       -2.3815963045923114     
   2.1000001430511475       -2.4415963427392851     
   2.2500000000000000       -2.5015962855188270     
   2.4000000953674316       -2.5615963236657988     
   2.5500001907348633       -2.6215963618127707     
   2.7000000476837158       -2.6815963045923112     
   2.8500001430511475       -2.7728204374684688     
   3.0000000000000000       -2.8928203230275509     
