   0.0000000000000000       -3.0000000000000000     
  0.15000000596046448       -3.0000000000000000     
  0.30000001192092896       -3.0000000000000000     
  0.45000001788139343       -3.0000000000000000     
  0.60000002384185791       -3.0000000000000000     
  0.75000000000000000       -3.0000000000000000     
  0.90000003576278687       -3.0000000000000000     
   1.0500000715255737       -3.0000000000000000     
   1.2000000476837158       -3.0000000000000000     
   1.3500000238418579       -3.0000000000000000     
   1.5000000000000000       -3.0000000000000000     
   1.6500000953674316       -3.0000000000000000     
   1.8000000715255737       -3.0000000000000000     
   1.9500000476837158       -3.0000000000000000     
   2.1000001430511475       -3.2000002861022949     
   2.2500000000000000       -3.5000000000000000     
   2.4000000953674316       -3.8000001907348633     
   2.5500001907348633       -4.1000003814697266     
   2.7000000476837158       -4.4000000953674316     
   2.8500001430511475       -4.7000002861022949     
   3.0000000000000000       -5.0000000000000000     
