  -3.6000002699238962       -3.6797277262926031     
  -3.4285715818405151       -3.5123251041237111     
  -3.2571431662355224       -3.3453534724509209     
  -3.0857144781521413       -3.1788858119371701     
  -2.9142860625471485       -3.0130140349841001     
  -2.7428573744637674       -2.8478527027693525     
  -2.5714286863803864       -2.6835491746059050     
  -2.4000002707753936       -2.5202949058917525     
  -2.2285715826920125       -2.3583427804689427     
  -2.0571430308478256       -2.1980367559588134     
  -1.8857144790036386       -2.0398552293546564     
  -1.7142857909202576       -1.8844864217412689     
  -1.5428572390760706       -1.7329600222676047     
  -1.3714286872318837       -1.5868878548941268     
  -1.2000001353876968       -1.4489159075701781     
  -1.0285715154239128       -1.3234511206554005     
 -0.85714289546012878       -1.2168473608974257     
 -0.68571434361594186       -1.1339744721224945     
 -0.51428575771195639       -1.0736822491052926     
 -0.34285717180797093       -1.0323742883108287     
 -0.17142858590398546       -1.0080494008776653     
   0.0000000000000000      -0.99999999999999922     
  0.17142858590398546       -1.0080494008776653     
  0.34285717180797093       -1.0323742883108296     
  0.51428575771195639       -1.0736822491052926     
  0.68571434361594186       -1.1339744721224931     
  0.85714289546012878       -1.2168473608974248     
   1.0285715154239128       -1.3234511206553996     
   1.2000001353876968       -1.4489159075701779     
   1.3714286872318837       -1.5868878548941272     
   1.5428572390760706       -1.7329600222676063     
   1.7142857909202576       -1.8844864217412689     
   1.8857144790036386       -2.0398552293546572     
   2.0571430308478256       -2.1980367559588143     
   2.2285715826920125       -2.3583427804689427     
   2.4000002707753936       -2.5202949058917556     
   2.5714286863803864       -2.6835491746059077     
   2.7428573744637674       -2.8478527027693525     
   2.9142860625471485       -3.0130140349840988     
   3.0857144781521413       -3.1788858119371732     
   3.2571431662355224       -3.3453534724509209     
   3.4285715818405151       -3.5123251041237138     
