  -3.6749999860922458       -3.7547026481255634     
  -3.4999998807907104       -3.5837244797756340     
  -3.3250000536441746       -3.4131763434306475     
  -3.1499999483426393       -3.2431309041931033     
  -2.9750001211961035       -3.0736796567107754     
  -2.8000000158945682       -2.9049365312341373     
  -2.6249999105930328       -2.7370479739998212     
  -2.4500000834464970       -2.5702040400754402     
  -2.2749999781449617       -2.4046553679279214     
  -2.1000000119209261       -2.2407422094579013     
  -1.9250000456968905       -2.0789364288508945     
  -1.7499999403953552       -1.9199139433815076     
  -1.5749999741713196       -1.7646792453754905     
  -1.4000000079472841       -1.6147874603642578     
  -1.2250000417232485       -1.4727476995281130     
  -1.0500000059604631       -1.3426599110108244     
 -0.87499997019767761       -1.2305482083610422     
 -0.70000000397364204       -1.1420500537566387     
 -0.52500000298023153       -1.0776830023144619     
 -0.35000000198682102       -1.0340216226049861     
 -0.17500000099341051       -1.0084523783785846     
   0.0000000000000000       -1.0000000000000009     
  0.17500000099341051       -1.0084523783785861     
  0.35000000198682102       -1.0340216226049868     
  0.52500000298023153       -1.0776830023144601     
  0.70000000397364204       -1.1420500537566376     
  0.87499997019767761       -1.2305482083610426     
   1.0500000059604631       -1.3426599110108235     
   1.2250000417232485       -1.4727476995281144     
   1.4000000079472841       -1.6147874603642565     
   1.5749999741713196       -1.7646792453754934     
   1.7499999403953552       -1.9199139433815036     
   1.9250000456968905       -2.0789364288508927     
   2.1000000119209261       -2.2407422094579026     
   2.2749999781449617       -2.4046553679279214     
   2.4500000834464970       -2.5702040400754389     
   2.6249999105930328       -2.7370479739998239     
   2.8000000158945682       -2.9049365312341386     
   2.9750001211961035       -3.0736796567107798     
   3.1499999483426393       -3.2431309041930998     
   3.3250000536441746       -3.4131763434306452     
   3.4999998807907104       -3.5837244797756322     
