   0.0000000000000000       -1.0000000000000000     
  0.15000000596046448       -1.0157325594366939     
  0.30000001192092896       -1.0685938255887302     
  0.45000001788139343       -1.1620547401537962     
  0.60000002384185791       -1.2914570248459447     
  0.75000000000000000       -1.4478756555322951     
  0.90000003576278687       -1.6229614757386637     
   1.0500000715255737       -1.8106712869742068     
   1.2000000476837158       -2.0070197057054657     
   1.3500000238418579       -2.2094281390583204     
   1.5000000000000000       -2.4162073938811344     
   1.6500000953674316       -2.6262243799692779     
   1.8000000715255737       -2.8386978445348721     
   1.9500000476837158       -3.0530755854429090     
   2.1000001430511475       -3.2689575136113711     
   2.2500000000000000       -3.4860466690345024     
   2.4000000953674316       -3.7041198515913170     
   2.5500001907348633       -3.9230046432966628     
   2.7000000476837158       -4.1425663639606718     
   2.8500001430511475       -4.3626993677460053     
   3.0000000000000000       -4.5833177014135469     
