           2   1.0251998901367188E-005   5.4714679718017578E-003
           3   2.3603439331054688E-005   1.2462139129638672E-003
           4   8.1062316894531250E-005   3.6406517028808594E-004
           5   3.0612945556640625E-004   8.4877014160156250E-004
           6   1.1868476867675781E-003   1.9056797027587891E-003
           7   4.9800872802734375E-003   4.7399997711181641E-003
           8   1.3481616973876953E-002   1.2509346008300781E-002
           9   5.8618545532226562E-002   5.5984020233154297E-002
          10  0.23692560195922852       0.40246486663818359     
          11  0.95859479904174805        3.7152957916259766     
          12   5.1584961414337158        31.395978450775146     
