           2   2.3126602172851562E-005   4.7349929809570312E-004
           3   3.9100646972656250E-005   4.3678283691406250E-004
           4   1.3065338134765625E-004   7.5078010559082031E-004
           5   4.6086311340332031E-004   2.2463798522949219E-003
           6   1.9056797027587891E-003   3.9286613464355469E-003
           7   7.7035427093505859E-003   9.6209049224853516E-003
           8   3.1331777572631836E-002   3.2499313354492188E-002
           9  0.12914443016052246       0.16036796569824219     
          10  0.50864481925964355       0.91090321540832520     
          11   2.1376223564147949        6.0520687103271484     
          12   8.5926818847656250        41.864382505416870     
