  -4.7250001430511475       -5.7981454022745869     
  -4.5000000000000000       -5.5766925998031285     
  -4.2750002145767212       -5.3556160453706063     
  -4.0500000715255737       -5.1349795205698490     
  -3.8250002861022949       -4.9148639688010629     
  -3.6000001430511475       -4.6953697938825600     
  -3.3750000000000000       -4.4766265055996186     
  -3.1500002145767212       -4.2588019974652962     
  -2.9250000715255737       -4.0421166561900979     
  -2.7000001072883606       -3.8268682871078301     
  -2.4750001430511475       -3.6134649585572149     
  -2.2500000000000000       -3.4024801944195988     
  -2.0250000357627869       -3.1947408742769263     
  -1.8000000715255737       -2.9914689477795147     
  -1.5750001072883606       -2.7945165810988803     
  -1.3500000536441803       -2.6067423682332236     
  -1.1250000000000000       -2.4325597421293526     
 -0.90000003576278687       -2.2785029333283782     
 -0.67500002682209015       -2.1530486679815009     
 -0.45000001788139343       -2.0641653860835394     
 -0.22500000894069672       -2.0146577315569663     
   0.0000000000000000       -1.9999999999999996     
  0.22500000894069672       -2.0146577315569676     
  0.45000001788139343       -2.0641653860835407     
  0.67500002682209015       -2.1530486679815009     
  0.90000003576278687       -2.2785029333283773     
   1.1250000000000000       -2.4325597421293526     
   1.3500000536441803       -2.6067423682332245     
   1.5750001072883606       -2.7945165810988799     
   1.8000000715255737       -2.9914689477795151     
   2.0250000357627869       -3.1947408742769263     
   2.2500000000000000       -3.4024801944195993     
   2.4750001430511475       -3.6134649585572163     
   2.7000001072883606       -3.8268682871078301     
   2.9250000715255737       -4.0421166561900996     
   3.1500002145767212       -4.2588019974652953     
   3.3750000000000000       -4.4766265055996186     
   3.6000001430511475       -4.6953697938825609     
   3.8250002861022949       -4.9148639688010629     
   4.0500000715255737       -5.1349795205698481     
   4.2750002145767212       -5.3556160453706063     
   4.5000000000000000       -5.5766925998031276     
