  -3.7800002646446274       -4.8495891529978197     
  -3.6000001430511475       -4.6728876223178748     
  -3.4200003075599739       -4.4965379372400553     
  -3.2400001859664940       -4.3206021046470395     
  -3.0600003504753204       -4.1451596508236106     
  -2.8800002288818405       -3.9703112872841375     
  -2.7000001072883606       -3.7961895546213169     
  -2.5200002717971870       -3.6229711280418790     
  -2.3400001502037071       -3.4508965033860823     
  -2.1600001716613804       -3.2803048633848961     
  -1.9800001931190536       -3.1116878805571435     
  -1.8000000715255737       -2.9457861355565855     
  -1.6200000929832470       -2.7837604002958862     
  -1.4400001144409202       -2.6274957957436778     
  -1.2600001358985935       -2.4801024535211367     
  -1.0800000858306902       -2.3464622693361887     
 -0.90000003576278687       -2.2327910655619991     
 -0.72000005722046012       -2.1435899480623379     
 -0.54000004291534509       -2.0785268156548318     
 -0.36000002861023006       -2.0343649866366627     
 -0.18000001430511503       -2.0085384337946488     
   0.0000000000000000       -1.9999999999999996     
  0.18000001430511503       -2.0085384337946466     
  0.36000002861023006       -2.0343649866366613     
  0.54000004291534509       -2.0785268156548340     
  0.72000005722046012       -2.1435899480623415     
  0.90000003576278687       -2.2327910655619996     
   1.0800000858306902       -2.3464622693361887     
   1.2600001358985935       -2.4801024535211340     
   1.4400001144409202       -2.6274957957436769     
   1.6200000929832470       -2.7837604002958836     
   1.8000000715255737       -2.9457861355565833     
   1.9800001931190536       -3.1116878805571453     
   2.1600001716613804       -3.2803048633848966     
   2.3400001502037071       -3.4508965033860810     
   2.5200002717971870       -3.6229711280418804     
   2.7000001072883606       -3.7961895546213169     
   2.8800002288818405       -3.9703112872841375     
   3.0600003504753204       -4.1451596508236097     
   3.2400001859664940       -4.3206021046470413     
   3.4200003075599739       -4.4965379372400545     
   3.6000001430511475       -4.6728876223178712     
