   0.0000000000000000       -1.0000000000000002     
  0.16875000670552254       -1.1687500067055225     
  0.33750001341104507       -1.3375000134110451     
  0.50625002011656761       -1.5062500201165676     
  0.67500002682209015       -1.6750000268220901     
  0.84375000000000000       -1.8437500000000000     
   1.0125000402331352       -2.0125000402331352     
   1.1812500804662704       -2.1812500804662704     
   1.3500000536441803       -2.3500000536441803     
   1.5187500268220901       -2.5187500268220901     
   1.6875000000000000       -2.6875000000000000     
   1.8562501072883606       -2.8562501072883606     
   2.0250000804662704       -3.0250000804662704     
   2.1937500536441803       -3.1937500536441803     
   2.3625001609325409       -3.3625001609325409     
   2.5312500000000000       -3.5312500000000000     
   2.7000001072883606       -3.7000001072883606     
   2.8687502145767212       -3.8687502145767212     
   3.0375000536441803       -4.0375000536441803     
   3.2062501609325409       -4.2062501609325409     
   3.3750000000000000       -4.3750000000000000     
