   0.0000000000000000       -1.0000000000000002     
  0.16666668123669126       -1.1666666732894049     
  0.33333336247338252       -1.3333333465788100     
  0.50000004371007378       -1.5000000198682149     
  0.66666672494676504       -1.6666666931576199     
  0.83333337306976318       -1.8333333333333333     
   1.0000000874201476       -2.0000000397364297     
   1.1666668017705319       -2.1666667461395264     
   1.3333334498935301       -2.3333333863152399     
   1.5000000980165282       -2.5000000264909534     
   1.6666667461395264       -2.6666666666666665     
   1.8333335267172970       -2.8333334392971463     
   2.0000001748402951       -3.0000000794728598     
   2.1666668229632933       -3.1666667196485729     
   2.3333336035410639       -3.3333334922790527     
   2.5000001192092896       -3.5000000000000000     
   2.6666668997870602       -3.6666667726304798     
   2.8333336803648308       -3.8333335452609592     
   3.0000001960330565       -4.0000000529819069     
   3.1666669766108271       -4.1666668256123858     
   3.3333334922790527       -4.3333333333333330     
