   0.0000000000000000       -1.0000000000000004     
  0.17500000099341051       -1.1750000069538753     
  0.35000000198682102       -1.3500000139077504     
  0.52500000298023153       -1.5250000208616257     
  0.70000000397364204       -1.7000000278155010     
  0.87499997019767761       -1.8750000000000000     
   1.0500000059604631       -2.0500000417232513     
   1.2250000417232485       -2.2250000834465027     
   1.4000000079472841       -2.4000000556310019     
   1.5749999741713196       -2.5750000278155007     
   1.7499999403953552       -2.7500000000000000     
   1.9250000456968905       -2.9250001112620034     
   2.1000000119209261       -3.1000000834465027     
   2.2749999781449617       -3.2750000556310019     
   2.4500000834464970       -3.4500001668930054     
   2.6249999105930328       -3.6250000000000000     
   2.8000000158945682       -3.8000001112620034     
   2.9750001211961035       -3.9750002225240073     
   3.1499999483426393       -4.1500000556310015     
   3.3250000536441746       -4.3250001668930054     
   3.4999998807907104       -4.5000000000000000     
