   0.0000000000000000       -1.0000000000000002     
  0.15000000596046448       -1.1875000074505806     
  0.30000001192092896       -1.3750000149011612     
  0.45000001788139343       -1.5625000223517418     
  0.60000002384185791       -1.7500000298023224     
  0.75000000000000000       -1.9375000000000000     
  0.90000003576278687       -2.1250000447034836     
   1.0500000715255737       -2.3125000894069672     
   1.2000000476837158       -2.5000000596046448     
   1.3500000238418579       -2.6875000298023224     
   1.5000000000000000       -2.8750000000000000     
   1.6500000953674316       -3.0625001192092896     
   1.8000000715255737       -3.2500000894069672     
   1.9500000476837158       -3.4375000596046448     
   2.1000001430511475       -3.6250001788139343     
   2.2500000000000000       -3.8125000000000000     
   2.4000000953674316       -4.0000001192092896     
   2.5500001907348633       -4.1875002384185791     
   2.7000000476837158       -4.3750000596046448     
   2.8500001430511475       -4.5625001788139343     
   3.0000000000000000       -4.7500000000000000     
