  -3.6000002699238962       -4.6689167292442404     
  -3.4285715818405151       -4.5007392262859360     
  -3.2571431662355224       -4.3329086985314058     
  -3.0857144781521413       -4.1654867051682700     
  -2.9142860625471485       -3.9985523584274332     
  -2.7428573744637674       -3.8322062584198986     
  -2.5714286863803864       -3.6665813760862100     
  -2.4000002707753936       -3.5018561007539390     
  -2.2285715826920125       -3.3382754782596895     
  -2.0571430308478256       -3.1761893633783562     
  -1.8857144790036386       -3.0161141430512752     
  -1.7142857909202576       -2.8588481194004447     
  -1.5428572390760706       -2.7056897473914812     
  -1.3714286872318837       -2.5588526800768250     
  -1.2000001353876968       -2.4221578421126249     
  -1.0285715154239128       -2.3014719627561608     
 -0.85714289546012878       -2.2025560928205108     
 -0.68571434361594186       -2.1264372431730489     
 -0.51428575771195639       -2.0701122941721204     
 -0.34285717180797093       -2.0309327306863518     
 -0.17142858590398546       -2.0077050380384804     
   0.0000000000000000       -2.0000000000000044     
  0.17142858590398546       -2.0077050380384796     
  0.34285717180797093       -2.0309327306863509     
  0.51428575771195639       -2.0701122941721208     
  0.68571434361594186       -2.1264372431730445     
  0.85714289546012878       -2.2025560928205108     
   1.0285715154239128       -2.3014719627561573     
   1.2000001353876968       -2.4221578421126289     
   1.3714286872318837       -2.5588526800768245     
   1.5428572390760706       -2.7056897473914820     
   1.7142857909202576       -2.8588481194004394     
   1.8857144790036386       -3.0161141430512761     
   2.0571430308478256       -3.1761893633783567     
   2.2285715826920125       -3.3382754782596913     
   2.4000002707753936       -3.5018561007539390     
   2.5714286863803864       -3.6665813760862092     
   2.7428573744637674       -3.8322062584198990     
   2.9142860625471485       -3.9985523584274381     
   3.0857144781521413       -4.1654867051682674     
   3.2571431662355224       -4.3329086985314076     
   3.4285715818405151       -4.5007392262859360     
