  -4.2000002523263333       -5.2711617585936708     
  -4.0000001192092896       -5.0745712168648645     
  -3.8000003039836940       -4.8783438268846124     
  -3.6000001708666503       -4.6825425622848789     
  -3.4000003556410547       -4.4872477962204256     
  -3.2000002225240110       -4.2925603372740158     
  -3.0000000894069672       -4.0986115530401435     
  -2.8000002741813717       -3.9055741200991854     
  -2.6000001410643279       -3.7136787008727494     
  -2.4000001668930082       -3.5232430930280541     
  -2.2000001927216886       -3.3347135812051665     
  -2.0000000596046448       -3.1487355255109275     
  -1.8000000854333251       -2.9662700286230970     
  -1.6000001112620055       -2.7887879016400112     
  -1.4000001370906858       -2.6185895845095613     
  -1.2000000834465041       -2.4592746859593353     
  -1.0000000298023224       -2.3162015527278483     
 -0.80000005563100274       -2.1961740263187486     
 -0.60000004172325205       -2.1050680540106237     
 -0.40000002781550137       -2.0443039834623482     
 -0.20000001390775068       -2.0106508922789481     
   0.0000000000000000       -2.0000000000000018     
  0.20000001390775068       -2.0106508922789472     
  0.40000002781550137       -2.0443039834623487     
  0.60000004172325205       -2.1050680540106241     
  0.80000005563100274       -2.1961740263187490     
   1.0000000298023224       -2.3162015527278474     
   1.2000000834465041       -2.4592746859593371     
   1.4000001370906858       -2.6185895845095613     
   1.6000001112620055       -2.7887879016400112     
   1.8000000854333251       -2.9662700286230979     
   2.0000000596046448       -3.1487355255109279     
   2.2000001927216886       -3.3347135812051647     
   2.4000001668930082       -3.5232430930280541     
   2.6000001410643279       -3.7136787008727494     
   2.8000002741813717       -3.9055741200991867     
   3.0000000894069672       -4.0986115530401435     
   3.2000002225240110       -4.2925603372740149     
   3.4000003556410547       -4.4872477962204238     
   3.6000001708666503       -4.6825425622848762     
   3.8000003039836940       -4.8783438268846107     
   4.0000001192092896       -5.0745712168648662     
