   0.0000000000000000       -1.0000000000000000     
  0.30000001192092896       -1.3000000119209290     
  0.60000002384185791       -1.6000000238418579     
  0.90000003576278687       -1.9000000357627869     
   1.2000000476837158       -2.2000000476837158     
   1.5000000000000000       -2.5000000000000000     
   1.8000000715255737       -2.8000000715255737     
   2.1000001430511475       -3.1000001430511475     
   2.4000000953674316       -3.4000000953674316     
   2.7000000476837158       -3.7000000476837158     
   3.0000000000000000       -4.0000000000000000     
   3.3000001907348633       -4.3000001907348633     
   3.6000001430511475       -4.6000001430511475     
   3.9000000953674316       -4.9000000953674316     
   4.2000002861022949       -5.2000002861022949     
   4.5000000000000000       -5.5000000000000000     
   4.8000001907348633       -5.8000001907348633     
   5.1000003814697266       -6.1000003814697266     
   5.4000000953674316       -6.4000000953674316     
   5.7000002861022949       -6.7000002861022949     
   6.0000000000000000       -7.0000000000000000     
