  -4.2000002523263333       -4.2795271639142385     
  -4.0000001192092896       -4.0835202075614294     
  -3.8000003039836940       -3.8879365971548219     
  -3.6000001708666503       -3.6928468071058318     
  -3.4000003556410547       -3.4983394426701602     
  -3.2000002225240110       -3.3045240869176458     
  -3.0000000894069672       -3.1115409381710344     
  -2.8000002741813717       -2.9195705611943459     
  -2.6000001410643279       -2.7288485917191156     
  -2.4000001668930082       -2.5396910806325970     
  -2.2000001927216886       -2.3525286854863565     
  -2.0000000596046448       -2.1679638523754714     
  -1.8000000854333251       -1.9868628647592708     
  -1.6000001112620055       -1.8105065827038815     
  -1.4000001370906858       -1.6408432773609041     
  -1.2000000834465041       -1.4808910656871175     
  -1.0000000298023224       -1.3352718555620153     
 -0.80000005563100274       -1.2104619540783281     
 -0.60000004172325205       -1.1134258592750041     
 -0.40000002781550137       -1.0477756027957799     
 -0.20000001390775068       -1.0114360686091359     
   0.0000000000000000       -1.0000000000000000     
  0.20000001390775068       -1.0114360686091355     
  0.40000002781550137       -1.0477756027957799     
  0.60000004172325205       -1.1134258592750041     
  0.80000005563100274       -1.2104619540783281     
   1.0000000298023224       -1.3352718555620156     
   1.2000000834465041       -1.4808910656871175     
   1.4000001370906858       -1.6408432773609036     
   1.6000001112620055       -1.8105065827038815     
   1.8000000854333251       -1.9868628647592710     
   2.0000000596046448       -2.1679638523754705     
   2.2000001927216886       -2.3525286854863565     
   2.4000001668930082       -2.5396910806325965     
   2.6000001410643279       -2.7288485917191156     
   2.8000002741813717       -2.9195705611943432     
   3.0000000894069672       -3.1115409381710335     
   3.2000002225240110       -3.3045240869176471     
   3.4000003556410547       -3.4983394426701580     
   3.6000001708666503       -3.6928468071058309     
   3.8000003039836940       -3.8879365971548219     
   4.0000001192092896       -4.0835202075614294     
