  -3.9375001192092896       -4.0171148779770824     
  -3.7500000000000000       -3.8336223004485559     
  -3.5625001788139343       -3.6505564022425157     
  -3.3750000596046448       -3.4679887459541066     
  -3.1875002384185791       -3.2860093682104630     
  -3.0000001192092896       -3.1047300000586153     
  -2.8125000000000000       -2.9242939127468519     
  -2.6250001788139343       -2.7448863104169452     
  -2.4375000596046448       -2.5667501011734557     
  -2.2500000894069672       -2.3902129164628381     
  -2.0625001192092896       -2.2157247741407455     
  -1.8750000000000000       -2.0439217195459145     
  -1.6875000298023224       -1.8757308040057736     
  -1.5000000596046448       -1.7125469934161097     
  -1.3125000894069672       -1.5565358883951084     
  -1.1250000447034836       -1.4111086021136545     
 -0.93750000000000000       -1.2814298497488557     
 -0.75000002980232239       -1.1740136290449299     
 -0.56250002235174179       -1.0937140642370979     
 -0.37500001490116119       -1.0402185518449256     
 -0.18750000745058060       -1.0098802270671445     
   0.0000000000000000       -1.0000000000000000     
  0.18750000745058060       -1.0098802270671436     
  0.37500001490116119       -1.0402185518449258     
  0.56250002235174179       -1.0937140642370990     
  0.75000002980232239       -1.1740136290449292     
  0.93750000000000000       -1.2814298497488563     
   1.1250000447034836       -1.4111086021136536     
   1.3125000894069672       -1.5565358883951086     
   1.5000000596046448       -1.7125469934161108     
   1.6875000298023224       -1.8757308040057736     
   1.8750000000000000       -2.0439217195459141     
   2.0625001192092896       -2.2157247741407455     
   2.2500000894069672       -2.3902129164628385     
   2.4375000596046448       -2.5667501011734575     
   2.6250001788139343       -2.7448863104169456     
   2.8125000000000000       -2.9242939127468537     
   3.0000001192092896       -3.1047300000586140     
   3.1875002384185791       -3.2860093682104612     
   3.3750000596046448       -3.4679887459541070     
   3.5625001788139343       -3.6505564022425165     
   3.7500000000000000       -3.8336223004485559     
