  -4.7250001430511475       -4.8043529399488056     
  -4.5000000000000000       -4.5833177014135478     
  -4.2750002145767212       -4.3626993677460044     
  -4.0500000715255737       -4.1425663639606709     
  -3.8250002861022949       -3.9230046432966641     
  -3.6000001430511475       -3.7041198515913174     
  -3.3750000000000000       -3.4860466690345020     
  -3.1500002145767212       -3.2689575136113724     
  -2.9250000715255737       -3.0530755854429090     
  -2.7000001072883606       -2.8386978445348716     
  -2.4750001430511475       -2.6262243799692770     
  -2.2500000000000000       -2.4162073938811348     
  -2.0250000357627869       -2.2094281390583208     
  -1.8000000715255737       -2.0070197057054657     
  -1.5750001072883606       -1.8106712869742076     
  -1.3500000536441803       -1.6229614757386637     
  -1.1250000000000000       -1.4478756555322956     
 -0.90000003576278687       -1.2914570248459452     
 -0.67500002682209015       -1.1620547401537964     
 -0.45000001788139343       -1.0685938255887306     
 -0.22500000894069672       -1.0157325594366937     
   0.0000000000000000      -0.99999999999999989     
  0.22500000894069672       -1.0157325594366942     
  0.45000001788139343       -1.0685938255887302     
  0.67500002682209015       -1.1620547401537962     
  0.90000003576278687       -1.2914570248459443     
   1.1250000000000000       -1.4478756555322954     
   1.3500000536441803       -1.6229614757386637     
   1.5750001072883606       -1.8106712869742070     
   1.8000000715255737       -2.0070197057054657     
   2.0250000357627869       -2.2094281390583204     
   2.2500000000000000       -2.4162073938811348     
   2.4750001430511475       -2.6262243799692775     
   2.7000001072883606       -2.8386978445348725     
   2.9250000715255737       -3.0530755854429090     
   3.1500002145767212       -3.2689575136113711     
   3.3750000000000000       -3.4860466690345024     
   3.6000001430511475       -3.7041198515913165     
   3.8250002861022949       -3.9230046432966623     
   4.0500000715255737       -4.1425663639606700     
   4.2750002145767212       -4.3626993677460062     
   4.5000000000000000       -4.5833177014135469     
