           2   0.0000000000000000       -1.0000000000000000        1.7554167342883506E-016   2.2738519999999651E-003
           2  0.15000000596046448       -1.0440306543165088        1.5675547121235803E-016   1.5903720000000066E-003
           2  0.30000001192092896       -1.1661903912355953        5.3102967313814038E-016   1.6262830000000061E-003
           2  0.45000001788139343       -1.3453624286314141        6.2633715466687090E-016   1.2553490000000167E-003
           2  0.60000002384185791       -1.5620499718129766        2.9008096388555080E-016   1.2892670000000939E-003
           2  0.75000000000000000       -1.8027756377319950        7.2589978256872947E-016   1.2011840000000218E-003
           2  0.90000003576278687       -2.0591260907220006        5.9084642377112893E-016   1.2009499999999784E-003
           2   1.0500000715255737       -2.3259407990778351        3.5948856829696434E-016   1.6108479999999981E-003
           2   1.2000000476837158       -2.6000000880314755        1.8367004084754146E-016   1.2076420000000088E-003
           2   1.3500000238418579       -2.8792360544929405        5.1814552109105031E-016   1.1948649999999894E-003
           2   1.5000000000000000       -3.1622776601683795        3.8766539688609837E-016   1.2047539999999746E-003
           2   1.6500000953674316       -3.4481881124512523        5.8107239787380061E-016   1.2097469999999833E-003
           2   1.8000000715255737       -3.7363084762862240        7.0794064346550629E-016   1.5663200000000099E-003
           2   1.9500000476837158       -4.0261645202184635        8.4846855376332388E-016   1.2371929999999143E-003
           2   2.1000001430511475       -4.3174069073066708        4.7558529386721138E-016   1.1649510000000252E-003
           2   2.2500000000000000       -4.6097722286464435        3.6752623849088978E-016   1.3465849999999557E-003
           2   2.4000000953674316       -4.9030604555782018        3.8847460278301952E-016   1.3256669999999193E-003
           2   2.5500001907348633       -5.1971149584160017        1.9897019484390543E-016   1.1544369999999526E-003
           2   2.7000000476837158       -5.4918121808714719        3.7704974311470569E-016   1.1742080000000099E-003
           2   2.8500001430511475       -5.7870548002905773        6.1588168189970787E-016   1.1717470000000008E-003
           2   3.0000000000000000       -6.0827625302982229        5.0828122328904168E-016   1.5928390000000681E-003
           3   0.0000000000000000       -1.0000000000000004        5.3891579640384913E-016   2.1886159999999766E-003
           3  0.15000000596046448       -1.0157325594366933        9.4772845637858315E-016   2.1497050000000018E-003
           3  0.30000001192092896       -1.0685938255887306        8.8192977333614528E-016   2.2437509999999605E-003
           3  0.45000001788139343       -1.1620547401537962        4.6320861535879617E-016   2.1063370000000692E-003
           3  0.60000002384185791       -1.2914570248459452        2.8818958587295804E-016   2.0566560000000456E-003
           3  0.75000000000000000       -1.4478756555322956        4.0820193834430486E-016   1.8446410000000357E-003
           3  0.90000003576278687       -1.6229614757386637        5.0371379524168052E-016   2.0176700000000825E-003
           3   1.0500000715255737       -1.8106712869742072        2.1257550820939832E-016   1.8753369999999769E-003
           3   1.2000000476837158       -2.0070197057054657        3.2255263619808541E-016   1.9348380000000498E-003
           3   1.3500000238418579       -2.2094281390583190        6.7295279405492985E-016   1.9015820000000128E-003
           3   1.5000000000000000       -2.4162073938811348        5.1950289923305210E-016   1.7697480000000709E-003
           3   1.6500000953674316       -2.6262243799692775        6.2798054899360814E-016   2.0371989999999895E-003
           3   1.8000000715255737       -2.8386978445348725        4.7768594605358529E-016   1.7374279999999853E-003
           3   1.9500000476837158       -3.0530755854429090        4.9963874262228093E-016   1.8347160000000695E-003
           3   2.1000001430511475       -3.2689575136113711        3.9421630710118328E-016   1.9826949999999233E-003
           3   2.2500000000000000       -3.4860466690345024        4.6223899244165316E-016   1.9203620000000088E-003
           3   2.4000000953674316       -3.7041198515913152        6.4756724577722924E-016   2.0638380000000955E-003
           3   2.5500001907348633       -3.9230046432966623        4.4724045067654847E-016   2.4193389999999093E-003
           3   2.7000000476837158       -4.1425663639606718        2.3453835103762386E-016   2.3377390000000053E-003
           3   2.8500001430511475       -4.3626993677460062        7.0326611385857437E-016   1.9643470000000329E-003
           3   3.0000000000000000       -4.5833177014135495        9.4997240952037917E-016   1.8655750000000637E-003
           4   0.0000000000000000       -1.0000000000000000        3.1969154255649195E-016   4.1236510000000060E-003
           4  0.15000000596046448       -1.0114360686091357        7.2940093158047534E-016   3.6961570000000332E-003
           4  0.30000001192092896       -1.0477756027957803        7.7347614701592202E-016   3.5994179999999654E-003
           4  0.45000001788139343       -1.1134258592750046        4.3901169355924717E-016   4.0025709999998993E-003
           4  0.60000002384185791       -1.2104619540783272        5.7613820732822609E-016   4.0306720000000684E-003
           4  0.75000000000000000       -1.3352718555620156        6.9172946887094667E-016   3.7096370000000434E-003
           4  0.90000003576278687       -1.4808910656871175        1.1878128221955592E-015   3.8786210000000265E-003
           4   1.0500000715255737       -1.6408432773609036        4.8632115077688972E-016   3.3267869999999977E-003
           4   1.2000000476837158       -1.8105065827038811        9.2267894554670115E-016   3.2673219999999059E-003
           4   1.3500000238418579       -1.9868628647592714        8.1852341230994557E-016   3.2536560000000492E-003
           4   1.5000000000000000       -2.1679638523754701        6.1200736128331423E-016   3.3674059999999617E-003
           4   1.6500000953674316       -2.3525286854863561        7.1680179068370733E-016   3.2613550000000213E-003
           4   1.8000000715255737       -2.5396910806325974        8.7957371445787579E-016   3.5248639999999609E-003
           4   1.9500000476837158       -2.7288485917191170        6.6883166305699453E-016   3.5930440000000452E-003
           4   2.1000001430511475       -2.9195705611943432        1.0737962829269505E-015   3.1217889999999304E-003
           4   2.2500000000000000       -3.1115409381710326        2.7879790139896780E-016   3.4173830000000516E-003
           4   2.4000000953674316       -3.3045240869176489        9.0995964704548967E-016   3.9259419999999601E-003
           4   2.5500001907348633       -3.4983394426701602        6.4913177465446466E-016   3.1282999999999728E-003
           4   2.7000000476837158       -3.6928468071058336        7.9077741798688216E-016   3.5056740000000142E-003
           4   2.8500001430511475       -3.8879365971548179        7.0409196793158975E-016   3.6213080000000453E-003
           4   3.0000000000000000       -4.0835202075614321        7.8661310904438692E-016   3.1518689999999738E-003
           5   0.0000000000000000       -1.0000000000000004        5.7118519989509303E-016   3.3729700000000307E-003
           5  0.15000000596046448       -1.0098802270671445        5.0464758466001399E-010   5.1436980000000299E-003
           5  0.30000001192092896       -1.0402185518449258        6.5653732159374711E-009   5.1233190000000706E-003
           5  0.45000001788139343       -1.0937140642370984        7.3744925210993743E-013   6.5096949999999820E-003
           5  0.60000002384185791       -1.1740136290449288        1.2563672306708203E-012   6.4990659999999423E-003
           5  0.75000000000000000       -1.2814298497488552        6.3168984397353407E-013   7.1191809999999744E-003
           5  0.90000003576278687       -1.4111086021136527        6.1878348592912740E-009   5.6872129999999688E-003
           5   1.0500000715255737       -1.5565358883951093        2.3582812677757220E-009   5.8471179999999290E-003
           5   1.2000000476837158       -1.7125469934161099        8.8866172663294505E-010   5.9226039999999980E-003
           5   1.3500000238418579       -1.8757308040057725        7.8074594522055659E-010   4.9300260000000318E-003
           5   1.5000000000000000       -2.0439217195459145        4.7126406520090821E-010   5.1583240000000474E-003
           5   1.6500000953674316       -2.2157247741407446        5.0752809771388798E-010   4.9119000000000801E-003
           5   1.8000000715255737       -2.3902129164628390        3.9997510725373600E-010   5.0567160000000166E-003
           5   1.9500000476837158       -2.5667501011734570        4.1845406087445634E-010   4.8492460000000293E-003
           5   2.1000001430511475       -2.7448863104169465        1.7472383664064346E-010   5.2514770000000599E-003
           5   2.2500000000000000       -2.9242939127468519        4.6407887720794468E-010   4.8567029999999622E-003
           5   2.4000000953674316       -3.1047300000586131        4.6295315694736016E-010   5.1470550000000115E-003
           5   2.5500001907348633       -3.2860093682104647        4.1641538760492613E-010   5.3942219999999486E-003
           5   2.7000000476837158       -3.4679887459541097        3.4286731733261982E-010   5.4806860000000679E-003
           5   2.8500001430511475       -3.6505564022425192        2.7450221043809352E-010   5.3967320000000152E-003
           5   3.0000000000000000       -3.8336223004485586        2.2469569801274191E-010   5.3386960000000316E-003
           6   0.0000000000000000       -1.0000000000000002        5.1299031920794748E-016   3.5757720000000326E-003
           6  0.15000000596046448       -1.0090181557457112        2.2294298186885324E-010   6.9768310000000167E-003
           6  0.30000001192092896       -1.0363927593408435        2.7359050948819713E-009   7.0771220000001023E-003
           6  0.45000001788139343       -1.0836737783682551        2.3360917996882341E-009   6.7742330000000184E-003
           6  0.60000002384185791       -1.1541838451268558        1.9240572996409180E-009   6.6018620000000139E-003
           6  0.75000000000000000       -1.2504318892801616        1.4182006093235817E-009   6.7459369999999241E-003
           6  0.90000003576278687       -1.3698392930889618        6.9137771867639534E-010   6.5750449999999461E-003
           6   1.0500000715255737       -1.5061947764080696        2.7230556316024481E-010   7.6551040000001347E-003
           6   1.2000000476837158       -1.6538689179449384        1.3375750806302650E-010   6.8723450000000019E-003
           6   1.3500000238418579       -1.8090922566766401        9.6594682376241151E-011   7.1724539999999948E-003
           6   1.5000000000000000       -1.9695142942309212        4.3374392569703822E-011   7.0742479999998942E-003
           6   1.6500000953674316       -2.1336506972714129        2.7965280900109796E-011   7.6357989999999987E-003
           6   1.8000000715255737       -2.3005300502712345        1.9425629916616009E-011   6.4646659999999523E-003
           6   1.9500000476837158       -2.4694930675965758        1.5919219718637032E-011   6.9168089999999127E-003
           6   2.1000001430511475       -2.6400768587902532        1.0087936225656605E-011   6.5800590000000270E-003
           6   2.2500000000000000       -2.8119463062008201        7.4314901850450879E-012   6.7079520000000725E-003
           6   2.4000000953674316       -2.9848538968907143        9.5755113070395229E-012   6.7973820000000185E-003
           6   2.5500001907348633       -3.1586115298315285        1.4161010177220447E-011   6.8891170000000557E-003
           6   2.7000000476837158       -3.3330740346628160        1.3894802143293452E-011   6.8199840000000567E-003
           6   2.8500001430511475       -3.5081283634623928        1.2696081182034269E-011   6.9397589999999898E-003
           6   3.0000000000000000       -3.6836836060319484        1.1252889181849495E-011   6.3819010000001342E-003
           7   0.0000000000000000       -1.0000000000000000        3.7444318654689223E-016   3.3950090000000044E-003
           7  0.15000000596046448       -1.0084523783785846        5.7308970674743782E-011   9.1541120000000475E-003
           7  0.30000001192092896       -1.0340216226049865        1.5804740107750629E-010   8.6884700000000592E-003
           7  0.45000001788139343       -1.0776830023144603        4.3601732910838306E-010   8.7926750000000276E-003
           7  0.60000002384185791       -1.1420500537566365        5.4921545825730357E-010   9.1488659999999777E-003
           7  0.75000000000000000       -1.2305482083610428        2.7352665189731152E-010   8.6312839999999058E-003
           7  0.90000003576278687       -1.3426599110108255        1.2340114344305208E-010   8.7773549999999867E-003
           7   1.0500000715255737       -1.4727476995281166        3.2774409817586461E-011   8.7542280000000305E-003
           7   1.2000000476837158       -1.6147874603642549        6.5678523981093676E-009   7.1624279999999985E-003
           7   1.3500000238418579       -1.7646792453754896        4.6009520920303362E-009   7.4217100000000258E-003
           7   1.5000000000000000       -1.9199139433815062        2.4016071446783735E-009   6.6248300000000260E-003
           7   1.6500000953674316       -2.0789364288508927        6.6549804644793128E-010   7.1772609999999348E-003
           7   1.8000000715255737       -2.2407422094579013        1.0108659281175997E-009   7.1691999999999867E-003
           7   1.9500000476837158       -2.4046553679279170        5.4169211857934610E-010   6.9184689999999271E-003
           7   2.1000001430511475       -2.5702040400754393        5.8466467702268135E-010   7.3523309999999897E-003
           7   2.2500000000000000       -2.7370479739998204        5.5338544149402451E-010   7.5690569999999902E-003
           7   2.4000000953674316       -2.9049365312341373        3.9184473235452871E-010   8.0272160000000037E-003
           7   2.5500001907348633       -3.0736796567107780        3.3399842592578251E-010   6.6888199999999287E-003
           7   2.7000000476837158       -3.2431309041930980        3.6692770328202213E-010   7.3215920000000434E-003
           7   2.8500001430511475       -3.4131763434306488        3.7810481801243567E-010   7.5463009999999775E-003
           7   3.0000000000000000       -3.5837244797756291        3.5849444375685933E-010   6.9201359999999656E-003
           8   0.0000000000000000      -0.99999999999999978        5.4297020113784251E-016   4.5693030000000245E-003
           8  0.15000000596046448       -1.0080494008776655        1.5118054825129778E-010   1.3297871000000017E-002
           8  0.30000001192092896       -1.0323742883108298        6.9607149331359255E-011   1.1697751999999895E-002
           8  0.45000001788139343       -1.0736822491052929        6.1701001430141163E-011   1.1637675000000236E-002
           8  0.60000002384185791       -1.1339744721224929        1.0337796024048309E-010   1.1492308000000007E-002
           8  0.75000000000000000       -1.2168473608974275        5.3695209474100810E-011   1.1099960999999992E-002
           8  0.90000003576278687       -1.3234511206553985        3.2479674519574651E-011   1.1052841999999785E-002
           8   1.0500000715255737       -1.4489159075701787        4.3306431293303054E-009   1.1404516000000031E-002
           8   1.2000000476837158       -1.5868878548941294        8.0254644590483412E-010   9.8342699999998118E-003
           8   1.3500000238418579       -1.7329600222676054        6.5272096988177818E-010   1.0232788999999798E-002
           8   1.5000000000000000       -1.8844864217412682        2.4353132312022797E-010   1.0101052999999860E-002
           8   1.6500000953674316       -2.0398552293546550        1.8218077692754646E-010   9.2438399999998921E-003
           8   1.8000000715255737       -2.1980367559588143        1.3405480974029221E-010   9.1674760000000077E-003
           8   1.9500000476837158       -2.3583427804689405        1.0360056130933006E-010   9.3644840000000062E-003
           8   2.1000001430511475       -2.5202949058917610        7.6327453599538058E-011   1.0093118999999984E-002
           8   2.2500000000000000       -2.6835491746059041        5.0242508087045611E-011   9.3739710000000365E-003
           8   2.4000000953674316       -2.8478527027693530        3.9393403016130176E-011   9.3240059999999403E-003
           8   2.5500001907348633       -3.0130140349841006        4.0253346661550532E-011   9.3487249999999467E-003
           8   2.7000000476837158       -3.1788858119371661        3.7429449356983027E-011   9.6660459999999837E-003
           8   2.8500001430511475       -3.3453534724509244        3.5812704930452348E-011   9.3289000000000843E-003
           8   3.0000000000000000       -3.5123251041237120        3.5244871070781451E-011   9.3143609999999377E-003
           9   0.0000000000000000      -0.99999999999999967        1.7070142648000207E-014   5.1789939999999923E-003
           9  0.15000000596046448       -1.0077473185867729        3.4595497768918457E-011   1.6147702999999902E-002
           9  0.30000001192092896       -1.0311509686038898        1.1752065117551047E-009   1.3537857999999847E-002
           9  0.45000001788139343       -1.0707928317844708        1.6583971095847712E-009   1.3376624000000170E-002
           9  0.60000002384185791       -1.1282425411467303        3.3836907043321642E-009   1.4465449000000019E-002
           9  0.75000000000000000       -1.2069082772706226        1.7596100238824869E-009   1.2989339999999849E-002
           9  0.90000003576278687       -1.3091801968018333        9.5745166073732604E-010   1.4993154000000342E-002
           9   1.0500000715255737       -1.4310751132808242        2.9936555879628449E-010   1.4617502000000115E-002
           9   1.2000000476837158       -1.5659702868188747        4.6415592644380329E-011   1.4937232999999939E-002
           9   1.3500000238418579       -1.7091722080474341        6.3732155608779522E-009   1.1396133999999947E-002
           9   1.5000000000000000       -1.8579161734751561        1.2252190232423904E-009   1.0890025000000136E-002
           9   1.6500000953674316       -2.0105444356942495        1.4708685289408982E-009   1.1108397000000103E-002
           9   1.8000000715255737       -2.1660076971235545        1.0987511509352945E-009   1.1414413999999873E-002
           9   1.9500000476837158       -2.3236083499110509        9.8461983360744872E-010   1.0869621000000329E-002
           9   2.1000001430511475       -2.4828630587213150        8.0535251027647057E-010   1.1981813000000230E-002
           9   2.2500000000000000       -2.6434250763404306        5.7971332753996817E-010   1.0679566999999945E-002
           9   2.4000000953674316       -2.8050398319220897        4.1677323116881475E-010   1.0225576000000292E-002
           9   2.5500001907348633       -2.9675148188961318        3.7599753990167081E-010   1.0854267000000029E-002
           9   2.7000000476837158       -3.1307019928349069        3.4560252047278452E-010   1.0259341999999894E-002
           9   2.8500001430511475       -3.2944863192566824        2.9581649857451845E-010   1.2257685999999879E-002
           9   3.0000000000000000       -3.4587755724038418        2.4703185850373991E-010   1.0848705999999986E-002
          10   0.0000000000000000       -1.0000000000000004        2.2919351627483516E-015   6.3978100000001703E-003
          10  0.15000000596046448       -1.0075123851722851        1.3669465572388379E-009   1.2379028999999875E-002
          10  0.30000001192092896       -1.0302027475782560        5.2509631233005041E-010   2.1393647999999654E-002
          10  0.45000001788139343       -1.0685902798322300        1.4264300724641855E-010   2.2267703999999888E-002
          10  0.60000002384185791       -1.1239633287701640        7.5499430230286433E-010   2.1756737000000026E-002
          10  0.75000000000000000       -1.1994097811838831        5.1761168178938065E-010   2.1978734999999361E-002
          10  0.90000003576278687       -1.2981754460857811        2.2342421530374698E-010   2.2359972999999478E-002
          10   1.0500000715255737       -1.4172185833377791        5.3871856168577441E-009   1.8629230000000163E-002
          10   1.2000000476837158       -1.5497044900545633        1.7088614905521613E-009   1.8136251000000492E-002
          10   1.3500000238418579       -1.6906711961595311        8.1066387925246818E-010   1.9757900999999300E-002
          10   1.5000000000000000       -1.8372505496399052        3.1477638869198961E-010   1.7503973000000173E-002
          10   1.6500000953674316       -1.9877471797419008        2.1898702952424934E-010   1.8682918000000548E-002
          10   1.8000000715255737       -2.1410962138980074        1.3237756780584701E-010   1.7980041999999585E-002
          10   1.9500000476837158       -2.2965926836128383        5.3756773510302126E-011   1.7899579000000720E-002
          10   2.1000001430511475       -2.4537494003822387        8.4157319098964447E-009   1.8456889000000309E-002
          10   2.2500000000000000       -2.6122174445401871        6.4109329079521045E-009   1.5153828999999952E-002
          10   2.4000000953674316       -2.7717409324376274        4.8341350427945336E-009   1.5919613999999527E-002
          10   2.5500001907348633       -2.9321265397398264        3.5846920223827474E-009   1.5047645000000109E-002
          10   2.7000000476837158       -3.0932256890976788        3.0035020733101722E-009   1.7332928000000081E-002
          10   2.8500001430511475       -3.2549229778870252        2.6750130499067172E-009   1.5233644999999463E-002
          10   3.0000000000000000       -3.4171259366232625        2.2704376269586991E-009   1.5417452000001219E-002
          11   0.0000000000000000      -0.99999999999999889        1.4495905728318324E-015   8.3792379999998445E-003
          11  0.15000000596046448       -1.0073244422098739        7.0526932883921300E-010   1.7292670999999871E-002
          11  0.30000001192092896       -1.0294450483579736        1.9113317379139901E-010   3.6708227000000093E-002
          11  0.45000001788139343       -1.0668464341005177        2.5219611968112951E-009   3.1039104999999623E-002
          11  0.60000002384185791       -1.1206388108725380        5.8300862949863881E-009   3.4386248999998870E-002
          11  0.75000000000000000       -1.1935734144754471        2.4296538870187851E-010   3.4764173000001009E-002
          11  0.90000003576278687       -1.2894408678004692        8.1899568297883425E-009   3.1229061999999530E-002
          11   1.0500000715255737       -1.4061455903561619        1.7313038508706148E-009   3.2337347999998656E-002
          11   1.2000000476837158       -1.5366935667131638        2.4044019218648855E-010   3.2895888000002316E-002
          11   1.3500000238418579       -1.6758706374307646        7.7607137612078007E-009   2.7586040000002754E-002
          11   1.5000000000000000       -1.8207180917788079        3.1982778359229779E-009   2.6708227000000306E-002
          11   1.6500000953674316       -1.9695093826652095        1.3124526077264242E-009   2.5642352000001978E-002
          11   1.8000000715255737       -2.1211670289329208        1.0448935215415657E-009   2.5430585999998812E-002
          11   1.9500000476837158       -2.2749801509525627        7.8758067581980588E-010   2.7570691999997621E-002
          11   2.1000001430511475       -2.4304584738085340        4.6543197953623115E-010   2.9107760000002258E-002
          11   2.2500000000000000       -2.5872513391273975        3.0170128621229532E-010   2.8589912000001050E-002
          11   2.4000000953674316       -2.7451018128583859        3.1676612138595695E-010   2.9634742999999020E-002
          11   2.5500001907348633       -2.9038159164174813        2.9060977687946661E-010   2.7748712000001063E-002
          11   2.7000000476837158       -3.0632446461088234        2.2917641970130459E-010   2.8871998999999704E-002
          11   2.8500001430511475       -3.2232723047916423        1.8020077790463950E-010   2.6376825999999909E-002
          11   3.0000000000000000       -3.3838062279989289        7.9591962686883981E-009   2.2581980999998308E-002
          12   0.0000000000000000      -0.99999999999999967        8.1193366102035164E-016   1.4254146999995498E-002
          12  0.15000000596046448       -1.0071706706909511        1.2914468728948687E-009   2.7850655999998253E-002
          12  0.30000001192092896       -1.0288253519899235        8.5458422111732383E-009   6.0971442000003151E-002
          12  0.45000001788139343       -1.0654271075017117        1.2018482134211882E-009   6.0587578000003361E-002
          12  0.60000002384185791       -1.1179734979863172        5.0367856842945244E-010   6.1143756999996413E-002
          12  0.75000000000000000       -1.1889130824419285        2.0103857583906348E-009   6.0406609000004607E-002
          12  0.90000003576278687       -1.2823466524672205        1.0894088402200609E-009   6.1440570000002026E-002
          12   1.0500000715255737       -1.3970937767266955        2.3503775465128772E-010   5.9880166999995765E-002
          12   1.2000000476837158       -1.5260491542862085        3.9287590738088199E-009   5.3376513999992881E-002
          12   1.3500000238418579       -1.6637611939003762        8.5247209436567994E-010   5.6207208999992986E-002
          12   1.5000000000000000       -1.8071915493768473        5.2580426798966241E-010   5.2719521000000213E-002
          12   1.6500000953674316       -1.9545875508664190        8.8164359488335829E-009   4.5052644999998392E-002
          12   1.8000000715255737       -2.1048613325283063        9.2627137505756951E-009   4.6362353999995776E-002
          12   1.9500000476837158       -2.2572971697620523        5.1400171238074886E-009   4.4236221999994996E-002
          12   2.1000001430511475       -2.4114022611744730        2.9089190784566943E-009   4.5718053999991071E-002
          12   2.2500000000000000       -2.5668245256120481        2.1873613342117503E-009   4.4353518999997732E-002
          12   2.4000000953674316       -2.7233061695673921        1.8812504942221538E-009   4.4504838999998242E-002
          12   2.5500001907348633       -2.8806526791540676        1.5585290840582848E-009   4.4942282999997474E-002
          12   2.7000000476837158       -3.0387147018453224        1.2272171109657309E-009   4.3982440000007728E-002
          12   2.8500001430511475       -3.1973762995318213        9.6552524284436121E-010   4.4664951999990876E-002
          12   3.0000000000000000       -3.3565446482153956        7.6549908547275952E-010   4.4319080999997595E-002
