           2   0.0000000000000000       -1.0000000000000000        1.7554167342883506E-016   2.3917489999999994E-003
           2  0.15000000596046448       -1.0111874216920123        2.0258495076237263E-016   1.2923550000000002E-003
           2  0.30000001192092896       -1.0440306543165088        1.5675547121235803E-016   1.2968090000000029E-003
           2  0.45000001788139343       -1.0965856173109574        5.4822965235135780E-016   1.4914689999999987E-003
           2  0.60000002384185791       -1.1661903912355953        5.3102967313814038E-016   1.8173359999999993E-003
           2  0.75000000000000000       -1.2500000000000002        4.3602101165000893E-016   1.3285730000000030E-003
           2  0.90000003576278687       -1.3453624286314141        6.2633715466687090E-016   1.7094380000000006E-003
           2   1.0500000715255737       -1.4500000517943821        4.6888975252563883E-016   1.5511269999999994E-003
           2   1.2000000476837158       -1.5620499718129766        2.9008096388555080E-016   1.8619030000000050E-003
           2   1.3500000238418579       -1.6800297807994402        3.1575118186342059E-016   1.3517809999999963E-003
           2   1.5000000000000000       -1.8027756377319950        7.2589978256872947E-016   1.7471229999999963E-003
           2   1.6500000953674316       -1.9293782197154952        3.1401605058506697E-016   1.2909399999999974E-003
           2   1.8000000715255737       -2.0591260907220006        5.9084642377112893E-016   1.6106669999999962E-003
           2   1.9500000476837158       -2.1914607425109152        4.2570152354248843E-016   1.3347680000000001E-003
           2   2.1000001430511475       -2.3259407990778351        3.5948856829696434E-016   1.3634000000000007E-003
           2   2.2500000000000000       -2.4622144504490264        2.9596799740107035E-016   1.3372779999999973E-003
           2   2.4000000953674316       -2.6000000880314755        1.8367004084754146E-016   1.7494469999999873E-003
           2   2.5500001907348633       -2.7390693625295142        4.2921620930475745E-016   1.6236830000000008E-003
           2   2.7000000476837158       -2.8792360544929405        5.1814552109105031E-016   1.6448069999999981E-003
           2   2.8500001430511475       -3.0203477970908512        3.6927891051270127E-016   1.3441049999999982E-003
           2   3.0000000000000000       -3.1622776601683795        3.8766539688609837E-016   1.3394499999999920E-003
           3   0.0000000000000000       -1.0000000000000002        3.4567796203753833E-016   2.3551680000000047E-003
           3  0.15000000596046448       -1.0060513902402055        3.2742895157121289E-016   2.6729470000000088E-003
           3  0.30000001192092896       -1.0258796300064039        7.1685510116796337E-016   2.4324670000000076E-003
           3  0.45000001788139343       -1.0616450577032692        4.9981240691949451E-016   2.5630480000000122E-003
           3  0.60000002384185791       -1.1145198689092752        3.5958645216571693E-016   2.6584839999999887E-003
           3  0.75000000000000000       -1.1842585459106652        4.0414637186360582E-016   2.4825329999999812E-003
           3  0.90000003576278687       -1.2692928228627831        3.4663936544568596E-016   2.0153279999999829E-003
           3   1.0500000715255737       -1.3672762003615491        4.9992528002102066E-016   2.0754090000000003E-003
           3   1.2000000476837158       -1.4757019509218205        5.3932302724812135E-016   2.1073310000000178E-003
           3   1.3500000238418579       -1.5923107590484415        2.9659992676767344E-016   2.0164870000000112E-003
           3   1.5000000000000000       -1.7152504370215311        5.0094097605902410E-016   2.2154950000000118E-003
           3   1.6500000953674316       -1.8430787525028089        3.1426593438454647E-016   2.2908379999999895E-003
           3   1.8000000715255737       -1.9747000203136935        4.9249716423855806E-016   2.8326229999999786E-003
           3   1.9500000476837158       -2.1092897601234561        1.8647553230885695E-016   2.4294079999999940E-003
           3   2.1000001430511475       -2.2462271581309565        7.1964198842991932E-016   2.6242890000000019E-003
           3   2.2500000000000000       -2.3850416126511091        4.6618677596504025E-016   2.4017329999999892E-003
           3   2.4000000953674316       -2.5253742908293257        7.1808637789140474E-016   2.2553770000000029E-003
           3   2.5500001907348633       -2.6669477196627986        4.5101523500031934E-016   2.4315100000000256E-003
           3   2.7000000476837158       -2.8095454344793165        3.1241479769534021E-016   2.3222120000000179E-003
           3   2.8500001430511475       -2.9529974420172675        3.5355655585602876E-016   1.9663990000000076E-003
           3   3.0000000000000000       -3.0971675407097266        3.2552084866395530E-016   2.2880819999999968E-003
           4   0.0000000000000000       -1.0000000000000002        3.8459253727671266E-016   4.0458319999999992E-003
           4  0.15000000596046448       -1.0056721868482634        4.4763649238614928E-016   3.5879989999999806E-003
           4  0.30000001192092896       -1.0232404017608852        6.3778066374319111E-016   3.9459199999999917E-003
           4  0.45000001788139343       -1.0542289024163423        6.6571780033487372E-016   4.0198660000000108E-003
           4  0.60000002384185791       -1.1006421895302732        4.8187367562765354E-016   3.8637270000000112E-003
           4  0.75000000000000000       -1.1640119166954144        8.6826255765888582E-016   3.6420649999999999E-003
           4  0.90000003576278687       -1.2443664239368746        8.9803292023202469E-016   3.5877169999999903E-003
           4   1.0500000715255737       -1.3399548381139670        8.6625523520099670E-016   3.4016349999999584E-003
           4   1.2000000476837158       -1.4479586956305324        4.0314191638279756E-016   3.9273489999999689E-003
           4   1.3500000238418579       -1.5654589432090846        6.4624879561644216E-016   3.6605329999999658E-003
           4   1.5000000000000000       -1.6900021376390366        7.6771666898503508E-016   3.9961849999999854E-003
           4   1.6500000953674316       -1.8197316415714648        8.2862253549935662E-016   4.0167480000000144E-003
           4   1.8000000715255737       -1.9533063784178180        6.7890367006204330E-016   3.8872970000000118E-003
           4   1.9500000476837158       -2.0897720742362456        3.9767844523546292E-016   3.6574530000000327E-003
           4   2.1000001430511475       -2.2284477475886759        7.6718033440881454E-016   3.5822729999999692E-003
           4   2.2500000000000000       -2.3688415273205803        7.0122092829207425E-016   3.9029800000000003E-003
           4   2.4000000953674316       -2.5105937586933003        7.0604174992495774E-016   3.6209959999999874E-003
           4   2.5500001907348633       -2.6534360830254209        7.5285297847542163E-016   3.7200970000000333E-003
           4   2.7000000476837158       -2.7971653483230998        9.8849710992238488E-016   3.7644719999999632E-003
           4   2.8500001430511475       -2.9416260399530785        8.2347550478397699E-016   3.6870699999999590E-003
           4   3.0000000000000000       -3.0866960603643356        1.1983604753153153E-015   3.8423710000000111E-003
           5   0.0000000000000000      -0.99999999999999978        2.8951074449790725E-016   4.2816740000000131E-003
           5  0.15000000596046448       -1.0056370730257429        1.3241298902989989E-015   6.1049659999999895E-003
           5  0.30000001192092896       -1.0227577349511119        1.0615053990717492E-015   6.1530569999999618E-003
           5  0.45000001788139343       -1.0522245145231486        3.1088099779379154E-015   5.8807349999999703E-003
           5  0.60000002384185791       -1.0957796430893025        4.3555879837870205E-015   5.3774219999999651E-003
           5  0.75000000000000000       -1.1556503465781385        1.3654342019742949E-014   5.5921070000000128E-003
           5  0.90000003576278687       -1.2332163713771487        4.0120573186116202E-015   5.5771320000000402E-003
           5   1.0500000715255737       -1.3276049819759019        1.6859305682661199E-014   5.4097480000000475E-003
           5   1.2000000476837158       -1.4358644605989590        4.8725068422420158E-015   5.8324539999999869E-003
           5   1.3500000238418579       -1.5544534663070704        7.3587144829153877E-015   6.0765850000000232E-003
           5   1.5000000000000000       -1.6803795486908659        4.4099980092795915E-015   5.7869709999999741E-003
           5   1.6500000953674316       -1.8114821920622350        2.5367282956249585E-015   5.8123959999999419E-003
           5   1.8000000715255737       -1.9462910166248633        9.3398515308518244E-016   6.2461480000000069E-003
           5   1.9500000476837158       -2.0838156867206394        8.0305051109808502E-016   5.6306950000000189E-003
           5   2.1000001430511475       -2.2233805581850690        5.8421772797354124E-016   6.1272479999999740E-003
           5   2.2500000000000000       -2.3645141445752449        1.3554446947614346E-015   5.8102189999998943E-003
           5   2.4000000953674316       -2.5068803762919547        7.5869268444606406E-016   6.2081220000000936E-003
           5   2.5500001907348633       -2.6502329240839382        1.1546848834128177E-015   5.5451069999998825E-003
           5   2.7000000476837158       -2.7943875796573230        7.9681710134708770E-016   5.7415679999999192E-003
           5   2.8500001430511475       -2.9392045055886404        8.4575808546216265E-016   5.5197569999999585E-003
           5   3.0000000000000000       -3.0845743359081439        7.9509832858135647E-016   5.8926499999999438E-003
           6   0.0000000000000000       -1.0000000000000002        6.0858666394135646E-016   3.7650609999999585E-003
           6  0.15000000596046448       -1.0056334185378177        7.2844370612327827E-010   5.9718599999999400E-003
           6  0.30000001192092896       -1.0226583327036538        4.8456930979444709E-009   5.8983510000001349E-003
           6  0.45000001788139343       -1.0516124147368568        5.8502164347641775E-009   5.9719199999999084E-003
           6  0.60000002384185791       -1.0938335132214569        6.7209231345316141E-013   7.2697989999999102E-003
           6  0.75000000000000000       -1.1516311781818842        1.3103237932163962E-012   7.7650379999999464E-003
           6  0.90000003576278687       -1.2273189903941404        1.0096365068066624E-012   7.6195580000000263E-003
           6   1.0500000715255737       -1.3209876613825708        1.0082883222528142E-012   8.2805430000000291E-003
           6   1.2000000476837158       -1.4296661282366296        8.0558832883113344E-009   5.9894480000000083E-003
           6   1.3500000238418579       -1.5492099028658348        8.1346258569518728E-009   6.0961340000000863E-003
           6   1.5000000000000000       -1.6761577371945970        8.9694778775381943E-009   5.8946539999999992E-003
           6   1.6500000953674316       -1.8081505554510195        7.7291364991140033E-009   5.3789129999999297E-003
           6   1.8000000715255737       -1.9436744539453068        6.0602739353982594E-009   5.6015799999999949E-003
           6   1.9500000476837158       -2.0817548754650788        4.1376622782966033E-009   5.4964029999999831E-003
           6   2.1000001430511475       -2.2217468262966036        3.3213981320060878E-009   5.6960220000000783E-003
           6   2.2500000000000000       -2.3632083549449265        2.9334127684432112E-009   5.4594390000000104E-003
           6   2.4000000953674316       -2.5058275234568996        2.9209677593435694E-009   5.5154079999999439E-003
           6   2.5500001907348633       -2.6493765238647153        1.5117740361475139E-009   5.4899039999999344E-003
           6   2.7000000476837158       -2.7936850082878029        2.1038736420967434E-009   5.6886099999999828E-003
           6   2.8500001430511475       -2.9386234217918568        2.2198808666162257E-009   5.7911910000000288E-003
           6   3.0000000000000000       -3.0840900216592293        2.2136028063936317E-009   6.2626340000000447E-003
           7   0.0000000000000000       -1.0000000000000004        6.4029632910042270E-016   3.9381529999999998E-003
           7  0.15000000596046448       -1.0056330100510169        1.3326941737247738E-010   8.2107299999999439E-003
           7  0.30000001192092896       -1.0226363014567332        3.3762546666152374E-010   7.7850250000000010E-003
           7  0.45000001788139343       -1.0514109334086730        5.3417272671922787E-010   7.5810719999999110E-003
           7  0.60000002384185791       -1.0929899757347374        3.8395744700116598E-010   8.5634339999999254E-003
           7  0.75000000000000000       -1.1495132311656646        4.8029601930084155E-010   7.8677449999999816E-003
           7  0.90000003576278687       -1.2238523702037243        5.9655768230470020E-010   7.9064409999999308E-003
           7   1.0500000715255737       -1.3170373025513822        4.8140019046651211E-010   8.2479619999999976E-003
           7   1.2000000476837158       -1.4261543252814910        9.7881732389435166E-011   7.8654299999999511E-003
           7   1.3500000238418579       -1.5464735670144285        1.3639641158336989E-010   7.8671990000001024E-003
           7   1.5000000000000000       -1.6741426775278481        7.8467701877787483E-011   7.9524970000000028E-003
           7   1.6500000953674316       -1.8066928756254028        1.7691957454309979E-011   7.9069159999999306E-003
           7   1.8000000715255737       -1.9426197401148204        2.5734196959019609E-011   7.6007639999999821E-003
           7   1.9500000476837158       -2.0809853701650725        1.6109611636176077E-011   7.7163009999999810E-003
           7   2.1000001430511475       -2.2211788173284868        1.4884342528661583E-011   7.9942299999999911E-003
           7   2.2500000000000000       -2.3627836779401972        1.3370429943374294E-011   8.3056189999999308E-003
           7   2.4000000953674316       -2.5055058963198777        1.0865274502725356E-011   7.9083680000000545E-003
           7   2.5500001907348633       -2.6491298911224694        7.6776403207281762E-012   8.1887380000000842E-003
           7   2.7000000476837158       -2.7934936397039007        6.0784315578874217E-012   8.2689739999999290E-003
           7   2.8500001430511475       -2.9384732823208211        6.1935178794767209E-012   7.7865230000000452E-003
           7   3.0000000000000000       -3.0839710063815464        5.7026852601326025E-012   7.7299480000001530E-003
           8   0.0000000000000000      -0.99999999999999956        5.7859724557165977E-016   4.3527649999999252E-003
           8  0.15000000596046448       -1.0056329549679768        9.1459020204643506E-009   4.4864259999999323E-003
           8  0.30000001192092896       -1.0226311689256091        7.0634290177893985E-012   1.0943817000000022E-002
           8  0.45000001788139343       -1.0513411322370931        9.9557814492545259E-012   1.0342868999999810E-002
           8  0.60000002384185791       -1.0926043144239996        1.9288478383051466E-011   1.1039425999999963E-002
           8  0.75000000000000000       -1.1483268863847733        1.5187214367428470E-011   1.1308062999999979E-002
           8  0.90000003576278687       -1.2216609770681892        4.0796695648033373E-011   1.0869032000000001E-002
           8   1.0500000715255737       -1.3144951781320280        5.5476587402293196E-011   1.0987577000000082E-002
           8   1.2000000476837158       -1.4240249933418554        2.6941539437390586E-011   1.0972622999999793E-002
           8   1.3500000238418579       -1.5449567579772125        1.8303040709949039E-011   1.1205150000000108E-002
           8   1.5000000000000000       -1.6731256541438448        1.1483318603617468E-011   1.0495807000000079E-002
           8   1.6500000953674316       -1.8060200378120685        7.2579502652110535E-009   8.6584879999997977E-003
           8   1.8000000715255737       -1.9421717415064463        3.4609139396593480E-009   8.1232609999999372E-003
           8   1.9500000476837158       -2.0806827791292077        2.1208250433443456E-009   8.9456890000001454E-003
           8   2.1000001430511475       -2.2209709243488840        3.0522830587090847E-009   8.7886550000000341E-003
           8   2.2500000000000000       -2.3626383193930511        2.2455138754601945E-009   8.6208840000001619E-003
           8   2.4000000953674316       -2.5054025153079484        1.5796468880057892E-009   8.8159500000000168E-003
           8   2.5500001907348633       -2.6490551698537379        1.1352467489595430E-009   8.6920020000000875E-003
           8   2.7000000476837158       -2.7934388129977639        1.2622055605326142E-009   9.3162970000000289E-003
           8   2.8500001430511475       -2.9384324862957896        1.2016667291065330E-009   8.4940399999999805E-003
           8   3.0000000000000000       -3.0839402543428620        1.4823347151662416E-009   8.1819720000000373E-003
           9   0.0000000000000000       -1.0000000000000002        3.0492169516025825E-016   5.4429499999999464E-003
           9  0.15000000596046448       -1.0056329563253910        6.0242392107878772E-010   1.3414699000000141E-002
           9  0.30000001192092896       -1.0226299294513463        8.9857713182169805E-010   1.2499631000000067E-002
           9  0.45000001788139343       -1.0513160345712738        1.2700562054552291E-009   1.1984044999999943E-002
           9  0.60000002384185791       -1.0924210865145554        1.5141697378110506E-009   1.2392435999999840E-002
           9  0.75000000000000000       -1.1476330294491677        1.1743332795770108E-009   1.2448749999999897E-002
           9  0.90000003576278687       -1.2202003624762709        9.0661788867160432E-010   1.3200041000000162E-002
           9   1.0500000715255737       -1.3127663036882009        4.8730410378180030E-010   1.2276127999999886E-002
           9   1.2000000476837158       -1.4226696420587408        1.0657121835676310E-009   1.3040474999999940E-002
           9   1.3500000238418579       -1.5440792670255306        2.7347222438107438E-010   1.1598138000000091E-002
           9   1.5000000000000000       -1.6725915197395405        2.6246603707509149E-010   1.2697236000000167E-002
           9   1.6500000953674316       -1.8056972770982034        1.4743455997744519E-010   1.2775727999999820E-002
           9   1.8000000715255737       -1.9419740966720545        7.2242199653483047E-011   1.2784042999999912E-002
           9   1.9500000476837158       -2.0805592347077138        6.8037130773033127E-011   1.1999520999999902E-002
           9   2.1000001430511475       -2.2208919398229461        2.7593053707252064E-011   1.2036948999999630E-002
           9   2.2500000000000000       -2.3625866838425527        3.5431274672269135E-011   1.2291720999999978E-002
           9   2.4000000953674316       -2.5053680350673742        9.7639180365696095E-009   9.6062479999998729E-003
           9   2.5500001907348633       -2.6490316844247803        3.1661610230020151E-011   1.1779885999999795E-002
           9   2.7000000476837158       -2.7934225201107550        2.1709674100241140E-011   1.2490280000000187E-002
           9   2.8500001430511475       -2.9384209901201697        2.1456019196707872E-011   1.2210212000000276E-002
           9   3.0000000000000000       -3.0839320150368446        9.7927493000116218E-009   1.0206501999999951E-002
          10   0.0000000000000000       -1.0000000000000000        2.2289299864601656E-016   7.1766119999998601E-003
          10  0.15000000596046448       -1.0056329554936045        1.7887271481624797E-010   1.0526548000000080E-002
          10  0.30000001192092896       -1.0226296219045792        2.3999234933796195E-011   2.0268681000000122E-002
          10  0.45000001788139343       -1.0513067524833419        6.9283126084783557E-011   2.0803748000000510E-002
          10  0.60000002384185791       -1.0923314644855924        9.2077502772169960E-011   2.0611946999999908E-002
          10  0.75000000000000000       -1.1472139864780757        1.3568875105906313E-010   1.9797061000000227E-002
          10  0.90000003576278687       -1.2191869171542213        2.2917377735242831E-010   1.9803399000000610E-002
          10   1.0500000715255737       -1.3115395771853113        1.4257518195757508E-010   1.9995943999999710E-002
          10   1.2000000476837158       -1.4217750895567127        6.2002682186313014E-011   1.9466454000000688E-002
          10   1.3500000238418579       -1.5435552617574131        4.2852939950884995E-009   1.6563155000000052E-002
          10   1.5000000000000000       -1.6723024913948439        3.1208921297603899E-009   1.6222187999999527E-002
          10   1.6500000953674316       -1.8055378691977624        1.5285954918213862E-009   1.5794469000000255E-002
          10   1.8000000715255737       -1.9418843531719570        1.2403378401694516E-009   1.6496357999999489E-002
          10   1.9500000476837158       -2.0805073314747831        8.5094488303092479E-010   1.6426562000000366E-002
          10   2.1000001430511475       -2.2208610684023133        5.5324628396605662E-010   1.6253002000000016E-002
          10   2.2500000000000000       -2.3625678176983778        3.4140212170577320E-010   1.7668734999999991E-002
          10   2.4000000953674316       -2.5053562088864831        3.3675964922521877E-010   1.6387489999999616E-002
          10   2.5500001907348633       -2.6490240947760020        3.4553039465358063E-010   1.6599687000000252E-002
          10   2.7000000476837158       -2.7934175427045682        2.5499545729153128E-010   1.8406945000000619E-002
          10   2.8500001430511475       -2.9384176602724148        3.3505752911614235E-010   1.7262951000001081E-002
          10   3.0000000000000000       -3.0839297462957402        3.6437691502736396E-010   1.7995100000000264E-002
          11   0.0000000000000000       -1.0000000000000002        6.6397984866623611E-016   1.1606073000001160E-002
          11  0.15000000596046448       -1.0056329554945227        1.8038661994689658E-010   1.6526545999999698E-002
          11  0.30000001192092896       -1.0226295439646207        2.0439921542395053E-009   2.8306608999999483E-002
          11  0.45000001788139343       -1.0513032430346678        1.3873731268454247E-009   2.7549124999998398E-002
          11  0.60000002384185791       -1.0922866146321339        1.9526709841455363E-009   2.5716161000000071E-002
          11  0.75000000000000000       -1.1469545751660597        2.4425295030666548E-009   2.8508124000000024E-002
          11  0.90000003576278687       -1.2184612989694261        3.5238267681790005E-009   2.9129964999999203E-002
          11   1.0500000715255737       -1.3106394491823563        1.6226558244736385E-009   3.0434296999999333E-002
          11   1.2000000476837158       -1.4211679413217146        8.5700483836312205E-010   3.0407844000002626E-002
          11   1.3500000238418579       -1.5432345839839754        1.9759338323010795E-010   2.6234007999999420E-002
          11   1.5000000000000000       -1.6721424042894062        2.1200760017635244E-010   2.9331247000001781E-002
          11   1.6500000953674316       -1.8054573172152220        7.1599115255744047E-011   2.9194095000001141E-002
          11   1.8000000715255737       -1.9418426712152936        7.1429016023074277E-009   2.2872234000001157E-002
          11   1.9500000476837158       -2.0804850317024091        4.4605488356122226E-009   2.4232841999999977E-002
          11   2.1000001430511475       -2.2208487311374161        2.5281176538084936E-009   2.3248184999999921E-002
          11   2.2500000000000000       -2.3625607710309953        1.7073379893632413E-009   2.4238027999999190E-002
          11   2.4000000953674316       -2.5053520630662542        2.7052047831962163E-009   2.6537457999999958E-002
          11   2.5500001907348633       -2.6490215882667005        2.4888067499855434E-009   2.4688402999998971E-002
          11   2.7000000476837158       -2.7934159889856032        2.0798382571549237E-009   2.5371405000001346E-002
          11   2.8500001430511475       -2.9384166748868030        2.0347443017687769E-009   2.2245307999998687E-002
          11   3.0000000000000000       -3.0839291081166920        2.1485919057177798E-009   2.1038833000002199E-002
          12   0.0000000000000000       -1.0000000000000000        4.0625958010683888E-016   1.4092392000002008E-002
          12  0.15000000596046448       -1.0056329554946253        2.6883943771242737E-010   2.3127168000002030E-002
          12  0.30000001192092896       -1.0226295238756145        1.3260708205604033E-010   5.4758415999998533E-002
          12  0.45000001788139343       -1.0513018924585149        8.9406715667965497E-011   5.9032126000005292E-002
          12  0.60000002384185791       -1.0922637529498285        1.6308741341314821E-010   5.2587644999995575E-002
          12  0.75000000000000000       -1.1467907951815726        1.8729930677181270E-010   5.4474013000003652E-002
          12  0.90000003576278687       -1.2179285315732209        4.6749773363372813E-010   5.3751923999996620E-002
          12   1.0500000715255737       -1.3099607607066439        9.3113901784843408E-009   4.9776527000005899E-002
          12   1.2000000476837158       -1.4207466504450406        8.1968548410205604E-011   5.1826295999987337E-002
          12   1.3500000238418579       -1.5430344711832849        3.4442619679726752E-009   4.0886727000000178E-002
          12   1.5000000000000000       -1.6720520570870978        1.3160169784385754E-009   4.6948483999997848E-002
          12   1.6500000953674316       -1.8054158547824912        3.3642950854391938E-010   4.7170854000000872E-002
          12   1.8000000715255737       -1.9418229555928652        5.3396127454031431E-010   4.5306809999999587E-002
          12   1.9500000476837158       -2.0804752765064909        3.8109095295127032E-010   4.7012217000002465E-002
          12   2.1000001430511475       -2.2208437120009790        9.0458095354695443E-011   4.6592703999991159E-002
          12   2.2500000000000000       -2.3625580921198766        1.5607589625790840E-010   4.9260916999998017E-002
          12   2.4000000953674316       -2.5053505840095296        9.3115021353835592E-011   4.7912407000012536E-002
          12   2.5500001907348633       -2.6490207459644095        6.8227050691753346E-011   4.9471455000002607E-002
          12   2.7000000476837158       -2.7934154955360229        1.1218851076111488E-010   4.7671230999995373E-002
          12   2.8500001430511475       -2.9384163782361896        1.0619398199810588E-010   4.7968921000006048E-002
          12   3.0000000000000000       -3.0839289255090203        1.0375863734420081E-010   5.0196995999996830E-002
          13   0.0000000000000000       -1.0000000000000004        5.6195079240315386E-016   2.6263768000006849E-002
          13  0.15000000596046448       -1.0056329554946120        1.7833558689969359E-009   4.1629559000000427E-002
          13  0.30000001192092896       -1.0226295186254464        2.9008510794968453E-009   9.3879371000014089E-002
          13  0.45000001788139343       -1.0513013651150600        1.4636884492994424E-009  0.11018150000001015     
          13  0.60000002384185791       -1.0922519214720454        1.6128514942873322E-009  0.10559283500001015     
          13  0.75000000000000000       -1.1466857208415260        3.1448616871586248E-009   9.6065836000008176E-002
          13  0.90000003576278687       -1.2175292510705287        3.3711450676807754E-009  0.10346841699998777     
          13   1.0500000715255737       -1.3094374093533785        1.4787978071701689E-009   9.4881804999999986E-002
          13   1.2000000476837158       -1.4204490534667971        1.2048577207418955E-009  0.10107814200000576     
          13   1.3500000238418579       -1.5429075896882989        3.3368687399961831E-010   9.7390255000050274E-002
          13   1.5000000000000000       -1.6720002760865293        1.6056786898277443E-010  0.10339266799996949     
          13   1.6500000953674316       -1.8053941863687326        4.4315330366368977E-009   8.6688356999957250E-002
          13   1.8000000715255737       -1.9418134893397496        2.1670354070196443E-009   9.0137718999983463E-002
          13   1.9500000476837158       -2.0804709454476691        1.7328726940512176E-009   9.3495653999980277E-002
          13   2.1000001430511475       -2.2208416400134308        1.6077305220168585E-009   8.6611015000016778E-002
          13   2.2500000000000000       -2.3625570588451779        9.8209412239014026E-010   8.3976970999970035E-002
          13   2.4000000953674316       -2.5053500487231899        6.6327192635640665E-010   8.6255326000014065E-002
          13   2.5500001907348633       -2.6490204588561657        7.1592091930380727E-010   8.8548798000033457E-002
          13   2.7000000476837158       -2.7934153365895225        7.5563318658172177E-010   8.5314324000023589E-002
          13   2.8500001430511475       -2.9384162876657038        5.0401648528603010E-010   8.9185315999998238E-002
          13   3.0000000000000000       -3.0839288725222791        3.7197713448363839E-010   8.3713607999925443E-002
