           2   0.0000000000000000       -1.0000000000000000        1.5700924586837752E-016   2.1174590000000004E-003
           2  0.15000000596046448       -1.1500000059604647        2.9330467441441095E-016   1.3804439999999998E-003
           2  0.30000001192092896       -1.3000000119209292        3.8449807587040574E-016   1.3846190000000001E-003
           2  0.45000001788139343       -1.4500000178813939        7.6752768005198050E-016   1.3828669999999994E-003
           2  0.60000002384185791       -1.6000000238418579        3.4729579943210274E-016   1.4065249999999987E-003
           2  0.75000000000000000       -1.7499999999999998        5.5843031332215520E-016   1.3595420000000018E-003
           2  0.90000003576278687       -1.9000000357627864        3.7972884988146647E-016   1.3188650000000024E-003
           2   1.0500000715255737       -2.0500000715255733        7.1684851644149083E-016   1.3649670000000017E-003
           2   1.2000000476837158       -2.2000000476837158        1.8975073289911312E-016   1.4015709999999973E-003
           2   1.3500000238418579       -2.3500000238418579        3.3454580791881656E-016   1.3027190000000008E-003
           2   1.5000000000000000       -2.4999999999999996        6.4898655260951978E-016   7.3088990000000006E-003
           2   1.6500000953674316       -2.6500000953674330        6.9013810744490068E-016   1.2218730000000053E-003
           2   1.8000000715255737       -2.8000000715255728        4.1569330510340276E-016   1.2387719999999991E-003
           2   1.9500000476837158       -2.9500000476837172        5.3666763122737738E-016   1.3926600000000039E-003
           2   2.1000001430511475       -3.1000001430511475        2.6077503134901706E-016   1.3098169999999909E-003
           2   2.2500000000000000       -3.2500000000000004        3.5561911371666127E-016   1.7334170000000010E-003
           2   2.4000000953674316       -3.4000000953674312        4.3355172174176834E-016   1.7937030000000076E-003
           2   2.5500001907348633       -3.5500001907348642        3.7458506210823751E-016   1.1684310000000114E-003
           2   2.7000000476837158       -3.7000000476837158        6.4808562474904012E-016   1.2772640000000002E-003
           2   2.8500001430511475       -3.8500001430511479        4.5418779628137901E-016   1.4360799999999924E-003
           2   3.0000000000000000       -3.9999999999999964        1.0102803186903677E-015   1.3992550000000020E-003
           3   0.0000000000000000       -1.0000000000000002        3.0086327025112265E-016   2.8034420000000032E-003
           3  0.15000000596046448       -1.1500000059604643        5.1300065199146815E-016   2.3037430000000109E-003
           3  0.30000001192092896       -1.3000000119209292        6.8833846054616306E-016   2.1645309999999973E-003
           3  0.45000001788139343       -1.4500000178813941        7.1220565384181629E-016   2.4410230000000005E-003
           3  0.60000002384185791       -1.6000000238418579        2.5529778708265282E-016   2.1539559999999985E-003
           3  0.75000000000000000       -1.7500000000000007        5.6519289168568767E-016   2.2708180000000078E-003
           3  0.90000003576278687       -1.9000000357627880        6.8702548868959640E-016   2.5881510000000107E-003
           3   1.0500000715255737       -2.0500000715255742        6.6277816553898461E-016   2.0106069999999976E-003
           3   1.2000000476837158       -2.2000000476837158        4.6938998560872355E-016   2.1086190000000060E-003
           3   1.3500000238418579       -2.3500000238418575        3.7752426770366770E-016   2.2615890000000083E-003
           3   1.5000000000000000       -2.5000000000000004        4.8998144740975447E-016   2.2759029999999958E-003
           3   1.6500000953674316       -2.6500000953674316        3.0126940101279635E-016   2.3626130000000134E-003
           3   1.8000000715255737       -2.8000000715255737        2.4333013939431814E-016   2.1648019999999935E-003
           3   1.9500000476837158       -2.9500000476837158        3.5867959389243950E-016   2.7324380000000037E-003
           3   2.1000001430511475       -3.1000001430511461        2.5675465238596235E-016   2.0890909999999874E-003
           3   2.2500000000000000       -3.2500000000000000        2.9827140559075743E-016   2.0870400000000122E-003
           3   2.4000000953674316       -3.4000000953674312        2.1709942272551586E-016   2.2296779999999849E-003
           3   2.5500001907348633       -3.5500001907348628        2.7128124356253531E-016   2.3508770000000012E-003
           3   2.7000000476837158       -3.7000000476837163        1.9139433855735237E-016   2.4863239999999842E-003
           3   2.8500001430511475       -3.8500001430511475        3.1669101881883052E-016   2.2059629999999775E-003
           3   3.0000000000000000       -3.9999999999999996        4.5658227268788330E-016   2.0689500000000138E-003
           4   0.0000000000000000       -1.0000000000000011        1.2014960785943505E-015   3.8165000000000004E-003
           4  0.15000000596046448       -1.1500000059604643        4.3054201070431205E-016   4.1661960000000109E-003
           4  0.30000001192092896       -1.3000000119209281        1.4220505771067960E-015   3.8009989999999994E-003
           4  0.45000001788139343       -1.4500000178813937        5.0486480892396622E-016   3.8145549999999973E-003
           4  0.60000002384185791       -1.6000000238418586        8.4971011569489074E-016   5.3019089999999935E-003
           4  0.75000000000000000       -1.7500000000000009        6.1157733346938784E-016   3.3441479999999912E-003
           4  0.90000003576278687       -1.9000000357627878        8.5562988975349515E-016   3.5617139999999936E-003
           4   1.0500000715255737       -2.0500000715255737        4.9097271517136433E-016   4.1773669999999874E-003
           4   1.2000000476837158       -2.2000000476837167        5.9205924613387744E-016   3.8691220000000026E-003
           4   1.3500000238418579       -2.3500000238418575        7.6873165615957580E-016   3.6718680000000226E-003
           4   1.5000000000000000       -2.4999999999999991        5.6734118384677267E-016   3.8035779999999741E-003
           4   1.6500000953674316       -2.6500000953674312        7.6449754399793696E-016   4.3645920000000005E-003
           4   1.8000000715255737       -2.8000000715255737        4.5172532463427531E-016   3.6178990000000355E-003
           4   1.9500000476837158       -2.9500000476837158        4.7482518001989788E-016   4.0784700000000007E-003
           4   2.1000001430511475       -3.1000001430511479        3.6362946297720030E-016   4.1580310000000065E-003
           4   2.2500000000000000       -3.2500000000000000        3.0105710760473808E-016   3.5561579999999759E-003
           4   2.4000000953674316       -3.4000000953674321        4.1608536796932995E-016   3.7381699999999851E-003
           4   2.5500001907348633       -3.5500001907348633        4.0624026179969649E-016   4.4725540000000175E-003
           4   2.7000000476837158       -3.7000000476837163        6.2949684207799526E-016   3.6279429999999668E-003
           4   2.8500001430511475       -3.8500001430511461        5.0898025526849817E-016   4.0643980000000246E-003
           4   3.0000000000000000       -3.9999999999999996        4.0681323646579458E-016   3.8330140000000235E-003
           5   0.0000000000000000       -1.0000000000000004        7.0423175739188857E-016   3.7948190000000048E-003
           5  0.15000000596046448       -1.1500000059604645        1.6972695309331529E-013   7.1815330000000177E-003
           5  0.30000001192092896       -1.3000000119209301        4.4135053558426614E-010   6.4585359999999592E-003
           5  0.45000001788139343       -1.4500000178813930        6.8905738203674218E-012   5.6959099999999707E-003
           5  0.60000002384185791       -1.6000000238418566        6.5444055530996811E-012   5.9269060000000096E-003
           5  0.75000000000000000       -1.7499999999999996        1.0074310690432138E-012   5.1438309999999876E-003
           5  0.90000003576278687       -1.9000000357627882        5.9142284269229499E-014   5.7546150000000185E-003
           5   1.0500000715255737       -2.0500000715255746        2.6851144818743344E-014   5.5074099999999904E-003
           5   1.2000000476837158       -2.2000000476837149        1.4381752334877754E-015   5.2957029999999850E-003
           5   1.3500000238418579       -2.3500000238418570        5.5537178109149828E-016   6.3922200000000040E-003
           5   1.5000000000000000       -2.5000000000000009        8.2716762047927444E-016   5.2138789999999768E-003
           5   1.6500000953674316       -2.6500000953674330        5.6983736093295866E-016   5.7377349999999661E-003
           5   1.8000000715255737       -2.8000000715255746        1.1742430512124884E-009   5.2927319999999667E-003
           5   1.9500000476837158       -2.9500000476837163        2.4965007186295653E-009   3.3097710000000169E-003
           5   2.1000001430511475       -3.1000001430511470        4.2033413388944965E-009   3.5639550000000075E-003
           5   2.2500000000000000       -3.2500000000000013        8.8528784333378555E-010   3.7437189999999787E-003
           5   2.4000000953674316       -3.4000000953674308        8.6964571485349075E-009   3.9013740000000130E-003
           5   2.5500001907348633       -3.5500001907348633        8.9652275586956188E-009   4.5684429999999776E-003
           5   2.7000000476837158       -3.7000000476837132        1.0776699504943878E-015   5.7142800000000715E-003
           5   2.8500001430511475       -3.8500001430511475        6.1416024329681110E-016   6.4745720000000118E-003
           5   3.0000000000000000       -4.0000000000000000        5.2673717765945292E-016   5.8766070000000337E-003
           6   0.0000000000000000      -0.99999999999999989        2.4003516838583038E-014   4.1823260000000140E-003
           6  0.15000000596046448       -1.1500000059604663        1.8810742999228299E-010   1.1338269000000012E-002
           6  0.30000001192092896       -1.3000000119209270        4.0854236114139301E-011   9.8211040000000249E-003
           6  0.45000001788139343       -1.4500000178813970        6.3108575798168259E-010   8.3815509999999316E-003
           6  0.60000002384185791       -1.6000000238418570        3.4851446241221902E-011   7.7855730000000456E-003
           6  0.75000000000000000       -1.7500000000000018        1.8558340921665068E-012   7.4959319999999829E-003
           6  0.90000003576278687       -1.9000000357627851        5.3695312383267376E-009   6.6817740000000292E-003
           6   1.0500000715255737       -2.0500000715255751        1.7180869468400973E-009   5.6734200000000401E-003
           6   1.2000000476837158       -2.2000000476837163        9.2286326010577851E-010   5.8665909999999766E-003
           6   1.3500000238418579       -2.3500000238418575        3.7119324039692571E-010   6.3989709999999755E-003
           6   1.5000000000000000       -2.5000000000000004        1.2337549664320887E-010   5.6075930000000218E-003
           6   1.6500000953674316       -2.6500000953674330        6.5972617429272162E-011   6.9616430000000173E-003
           6   1.8000000715255737       -2.8000000715255724        5.2504577962931050E-011   5.4937749999999230E-003
           6   1.9500000476837158       -2.9500000476837158        2.2703313115132261E-011   7.0735619999999777E-003
           6   2.1000001430511475       -3.1000001430511461        2.4022638862151026E-011   5.1450229999999708E-003
           6   2.2500000000000000       -3.2500000000000049        3.5950377616054387E-011   6.2897370000000175E-003
           6   2.4000000953674316       -3.4000000953674347        2.2642861931066794E-011   5.8665810000000373E-003
           6   2.5500001907348633       -3.5500001907348615        1.8829313838213924E-011   6.1062699999999692E-003
           6   2.7000000476837158       -3.7000000476837154        1.5748200163143726E-011   5.9265790000000429E-003
           6   2.8500001430511475       -3.8500001430511488        1.0696309353343491E-011   6.3167669999999454E-003
           6   3.0000000000000000       -3.9999999999999987        2.0807319308771272E-012   5.6980819999999932E-003
           7   0.0000000000000000       -1.0000000000000007        3.2588732247694117E-013   5.9979169999999637E-003
           7  0.15000000596046448       -1.1500000059604645        1.6306908798839520E-009   1.2236727000000003E-002
           7  0.30000001192092896       -1.3000000119209274        7.8961236406418184E-010   9.9054859999999634E-003
           7  0.45000001788139343       -1.4500000178813928        7.0766706584138675E-012   1.0189016999999967E-002
           7  0.60000002384185791       -1.6000000238418572        5.2117615392156699E-010   8.4429190000000487E-003
           7  0.75000000000000000       -1.7500000000000007        5.4202095343241715E-011   8.3610659999999726E-003
           7  0.90000003576278687       -1.9000000357627864        1.5350767580028581E-011   7.9885789999999401E-003
           7   1.0500000715255737       -2.0500000715255746        2.1201760772774372E-012   8.5630519999999599E-003
           7   1.2000000476837158       -2.2000000476837154        6.0969016246129039E-009   6.6089089999999961E-003
           7   1.3500000238418579       -2.3500000238418575        7.5860179189638898E-009   5.7585270000000133E-003
           7   1.5000000000000000       -2.4999999999999991        3.6328519517699669E-009   6.2073339999999533E-003
           7   1.6500000953674316       -2.6500000953674339        1.8741499760137965E-009   5.3372909999999107E-003
           7   1.8000000715255737       -2.8000000715255764        1.5483998669634702E-009   5.6158849999999871E-003
           7   1.9500000476837158       -2.9500000476837158        1.6722421441554208E-009   6.6443889999999728E-003
           7   2.1000001430511475       -3.1000001430511470        1.0648985297852165E-009   6.9497530000000030E-003
           7   2.2500000000000000       -3.2500000000000000        1.1598874886094335E-009   6.0173940000000092E-003
           7   2.4000000953674316       -3.4000000953674316        7.8090211266006143E-010   6.4351700000000456E-003
           7   2.5500001907348633       -3.5500001907348659        8.3224094456831810E-010   5.9731309999999649E-003
           7   2.7000000476837158       -3.7000000476837154        7.4081316848047356E-010   5.9027409999998781E-003
           7   2.8500001430511475       -3.8500001430511488        7.0761912388635218E-010   5.8263979999999549E-003
           7   3.0000000000000000       -4.0000000000000036        6.8340103517075623E-010   6.4204489999999392E-003
           8   0.0000000000000000      -0.99999999999999944        1.6264336881322663E-009   8.8026990000000804E-003
           8  0.15000000596046448       -1.1500000059604636        7.3249043386369940E-010   1.8323089999999986E-002
           8  0.30000001192092896       -1.3000000119209281        2.5527512907328821E-009   1.2468324999999947E-002
           8  0.45000001788139343       -1.4500000178813932        3.3665357772812073E-011   9.8769850000000048E-003
           8  0.60000002384185791       -1.6000000238418577        1.4845147088194437E-009   1.0913840000000175E-002
           8  0.75000000000000000       -1.7500000000000002        1.5722478944036528E-010   9.5874350000000330E-003
           8  0.90000003576278687       -1.9000000357627853        2.0238336413143744E-011   1.0462325999999855E-002
           8   1.0500000715255737       -2.0500000715255720        3.8099906370989324E-009   8.6951740000000832E-003
           8   1.2000000476837158       -2.2000000476837185        2.9163057591628878E-009   8.7135750000000289E-003
           8   1.3500000238418579       -2.3500000238418592        1.6065277559234608E-009   8.3223190000001335E-003
           8   1.5000000000000000       -2.4999999999999991        9.5258497501894219E-010   7.9624760000001071E-003
           8   1.6500000953674316       -2.6500000953674303        4.1564822582989181E-010   7.4669210000000152E-003
           8   1.8000000715255737       -2.8000000715255737        2.3609462740913245E-010   8.3576080000000719E-003
           8   1.9500000476837158       -2.9500000476837176        1.5818097819716269E-010   7.9606019999998168E-003
           8   2.1000001430511475       -3.1000001430511506        1.0706390824955482E-010   8.0296170000000444E-003
           8   2.2500000000000000       -3.2499999999999991        6.6345996511109224E-011   8.6408549999998918E-003
           8   2.4000000953674316       -3.4000000953674308        3.9136474173747970E-011   8.6735249999998487E-003
           8   2.5500001907348633       -3.5500001907348633        3.3457064118647031E-011   8.8996849999998240E-003
           8   2.7000000476837158       -3.7000000476837140        3.1450753067479185E-011   7.4220449999997662E-003
           8   2.8500001430511475       -3.8500001430511461        2.3731080990685981E-011   9.9928970000000561E-003
           8   3.0000000000000000       -4.0000000000000018        2.5892272850281777E-011   8.8174899999997614E-003
           9   0.0000000000000000       -1.0000000000000024        3.7371758314343233E-010   1.2506219000000041E-002
           9  0.15000000596046448       -1.1500000059604654        1.1463471851594782E-009   1.9312236999999843E-002
           9  0.30000001192092896       -1.3000000119209298        7.0644394374453842E-009   1.4170911999999980E-002
           9  0.45000001788139343       -1.4500000178813948        6.1956259762432963E-011   1.5770822000000129E-002
           9  0.60000002384185791       -1.6000000238418586        1.6839917682426686E-009   1.2271985999999790E-002
           9  0.75000000000000000       -1.7500000000000000        1.3582298746080314E-010   1.3342225999999791E-002
           9  0.90000003576278687       -1.9000000357627869        1.8905204556050330E-011   1.2386167999999920E-002
           9   1.0500000715255737       -2.0500000715255720        7.2354664964517092E-009   9.3244499999998176E-003
           9   1.2000000476837158       -2.2000000476837180        2.1362194682853197E-009   9.0923470000001672E-003
           9   1.3500000238418579       -2.3500000238418557        1.7522125837776786E-009   1.0144224000000257E-002
           9   1.5000000000000000       -2.5000000000000031        1.0098050387908330E-009   9.6868249999997325E-003
           9   1.6500000953674316       -2.6500000953674299        1.5675166851392727E-010   1.0018909999999881E-002
           9   1.8000000715255737       -2.8000000715255786        3.4196929465036277E-010   9.4544280000001812E-003
           9   1.9500000476837158       -2.9500000476837167        2.6872765285252644E-010   1.0301033000000182E-002
           9   2.1000001430511475       -3.1000001430511483        2.0557879047698790E-010   1.0661160999999808E-002
           9   2.2500000000000000       -3.2499999999999978        1.4177383528681179E-010   1.0779186999999801E-002
           9   2.4000000953674316       -3.4000000953674347        1.0072136862167754E-010   9.3121709999999247E-003
           9   2.5500001907348633       -3.5500001907348651        6.9483282629391398E-011   1.0640587999999784E-002
           9   2.7000000476837158       -3.7000000476837211        5.5277887823289061E-011   9.8921089999999268E-003
           9   2.8500001430511475       -3.8500001430511492        4.3623220777924726E-011   1.0386461999999597E-002
           9   3.0000000000000000       -4.0000000000000009        3.0468570314693252E-011   1.1506370000000210E-002
          10   0.0000000000000000      -0.99999999999999933        2.7628184269879843E-010   2.0579904999999954E-002
          10  0.15000000596046448       -1.1500000059604616        2.8309930655392559E-009   3.0025085000000118E-002
          10  0.30000001192092896       -1.3000000119209301        2.4455524845317259E-009   2.2685724000000018E-002
          10  0.45000001788139343       -1.4500000178813948        4.0129213013543195E-009   2.0056120000000455E-002
          10  0.60000002384185791       -1.6000000238418572        1.8295594498955029E-010   1.9292284999999687E-002
          10  0.75000000000000000       -1.7499999999999996        4.5560632288617922E-009   1.6922670000000473E-002
          10  0.90000003576278687       -1.9000000357627858        9.9796203924979736E-010   1.6045936000000260E-002
          10   1.0500000715255737       -2.0500000715255751        3.5459829572976567E-010   1.5408113999999529E-002
          10   1.2000000476837158       -2.2000000476837163        1.8979746256735414E-010   1.5661010999999725E-002
          10   1.3500000238418579       -2.3500000238418597        7.5218180438411485E-011   1.5633883999999654E-002
          10   1.5000000000000000       -2.4999999999999991        3.8524551380513199E-011   1.5743818999999881E-002
          10   1.6500000953674316       -2.6500000953674361        1.8241867273154802E-011   1.6289825999999508E-002
          10   1.8000000715255737       -2.8000000715255737        6.4874461099911825E-009   1.2668628000000126E-002
          10   1.9500000476837158       -2.9500000476837163        3.6020629592384771E-009   1.4047695999999554E-002
          10   2.1000001430511475       -3.1000001430511488        2.5212782172844836E-009   1.3761337000000040E-002
          10   2.2500000000000000       -3.2500000000000009        1.7438413710347816E-009   1.3602634000000613E-002
          10   2.4000000953674316       -3.4000000953674290        1.7227343389878835E-009   1.3168847000000206E-002
          10   2.5500001907348633       -3.5500001907348642        1.2330272635000808E-009   1.3179631999999941E-002
          10   2.7000000476837158       -3.7000000476837185        1.0987938785448152E-009   1.2695518999999322E-002
          10   2.8500001430511475       -3.8500001430511452        1.1929938090397033E-009   1.2995455000000433E-002
          10   3.0000000000000000       -3.9999999999999973        1.0633080603986425E-009   1.3361152999999959E-002
          11   0.0000000000000000      -0.99999999999999867        2.4683060006120352E-009   2.9520894000000908E-002
          11  0.15000000596046448       -1.1500000059604620        7.8639158888489864E-009   4.5022403000000821E-002
          11  0.30000001192092896       -1.3000000119209270        1.8324141951272204E-010   3.8056561999999516E-002
          11  0.45000001788139343       -1.4500000178813914        3.0029678932497410E-010   3.5460118000001373E-002
          11  0.60000002384185791       -1.6000000238418586        1.0823811963736424E-009   3.1907223999999346E-002
          11  0.75000000000000000       -1.7500000000000020        1.8825326762045709E-010   3.0287931000000157E-002
          11  0.90000003576278687       -1.9000000357627849        6.2615478001791217E-009   2.4673004000000276E-002
          11   1.0500000715255737       -2.0500000715255724        3.1664667164256136E-009   2.2657837000000569E-002
          11   1.2000000476837158       -2.2000000476837167        1.1431254237875827E-009   2.3052033999999111E-002
          11   1.3500000238418579       -2.3500000238418584        3.9891487281219090E-010   2.2458724999999902E-002
          11   1.5000000000000000       -2.5000000000000013        2.0036452340866129E-010   2.1409341000001803E-002
          11   1.6500000953674316       -2.6500000953674347        1.2463931486389639E-010   2.4143882000000616E-002
          11   1.8000000715255737       -2.8000000715255773        6.6631497709446624E-011   2.3387613000000584E-002
          11   1.9500000476837158       -2.9500000476837154        3.4968841709258132E-011   2.3722159000001852E-002
          11   2.1000001430511475       -3.1000001430511506        2.5472520465635891E-011   2.4372931000002040E-002
          11   2.2500000000000000       -3.2499999999999987        1.7332945107792733E-011   2.3655356999999100E-002
          11   2.4000000953674316       -3.4000000953674330        7.5019233750424029E-009   2.0310008999999241E-002
          11   2.5500001907348633       -3.5500001907348646        5.4694864380443537E-009   1.8836966999998594E-002
          11   2.7000000476837158       -3.7000000476837211        5.7860525790546130E-009   1.8703702999999905E-002
          11   2.8500001430511475       -3.8500001430511444        5.7247485062161366E-009   1.9281511999999168E-002
          11   3.0000000000000000       -4.0000000000000000        5.9234833254574211E-009   1.8962819999998715E-002
          12   0.0000000000000000       -1.0000000000000007        2.1230699484938594E-009   5.7197217999998884E-002
          12  0.15000000596046448       -1.1500000059604647        6.5043043482822744E-010   9.6434047000002465E-002
          12  0.30000001192092896       -1.3000000119209287        6.7682413411967607E-009   6.9332119999998554E-002
          12  0.45000001788139343       -1.4500000178813914        5.1581193337285084E-009   5.6876504999998190E-002
          12  0.60000002384185791       -1.6000000238418588        2.7779012534474879E-010   5.5597005999999283E-002
          12  0.75000000000000000       -1.7499999999999991        2.6507919592765815E-009   4.9465777000001765E-002
          12  0.90000003576278687       -1.9000000357627875        9.9215903954817749E-010   4.8902236000003541E-002
          12   1.0500000715255737       -2.0500000715255733        2.6162847146332134E-010   4.4779386000001864E-002
          12   1.2000000476837158       -2.2000000476837154        1.0775292809309166E-010   4.6385245000010400E-002
          12   1.3500000238418579       -2.3500000238418592        7.6689001469297400E-009   3.9632903000011765E-002
          12   1.5000000000000000       -2.4999999999999996        2.4270144732193222E-009   3.8857645999996748E-002
          12   1.6500000953674316       -2.6500000953674294        1.5261465253147752E-009   4.1348767000002340E-002
          12   1.8000000715255737       -2.8000000715255751        1.0650545919014152E-009   3.7426123000003031E-002
          12   1.9500000476837158       -2.9500000476837145        5.1913364603570483E-010   3.9735312999994221E-002
          12   2.1000001430511475       -3.1000001430511523        5.5329454540765657E-010   4.1434245999994346E-002
          12   2.2500000000000000       -3.2500000000000013        4.2396063479179868E-010   3.7143509000003405E-002
          12   2.4000000953674316       -3.4000000953674299        3.2447955048466674E-010   3.6025104999993118E-002
          12   2.5500001907348633       -3.5500001907348628        2.8599433131853977E-010   3.6975093999998876E-002
          12   2.7000000476837158       -3.7000000476837207        2.3749501010158885E-010   4.3321927999997456E-002
          12   2.8500001430511475       -3.8500001430511492        1.7864519396966682E-010   3.5014936999999691E-002
          12   3.0000000000000000       -3.9999999999999951        1.2618906646192474E-010   3.8285070999990012E-002
          13   0.0000000000000000       -1.0000000000000009        9.7374750944568223E-010  0.13020620200001076     
          13  0.15000000596046448       -1.1500000059604643        1.2212596267349310E-009  0.16889178700000684     
          13  0.30000001192092896       -1.3000000119209327        5.0727310424615301E-010  0.14182627799999636     
          13  0.45000001788139343       -1.4500000178813937        5.7193825886300197E-009  0.10699938600001246     
          13  0.60000002384185791       -1.6000000238418570        8.4640563226767682E-010  0.10333540999999968     
          13  0.75000000000000000       -1.7500000000000000        9.7195505022111573E-009   7.7846720999986019E-002
          13  0.90000003576278687       -1.9000000357627880        1.9997679666543864E-009   8.0159285999968688E-002
          13   1.0500000715255737       -2.0500000715255733        6.8130102985126512E-010   8.0891382000004342E-002
          13   1.2000000476837158       -2.2000000476837149        2.9954708925636523E-010   7.9659800000001724E-002
          13   1.3500000238418579       -2.3500000238418588        1.0793682172886473E-010   7.7108014000032199E-002
          13   1.5000000000000000       -2.5000000000000018        8.4597151383601431E-009   6.3143367000009221E-002
          13   1.6500000953674316       -2.6500000953674308        3.9313484345030293E-009   7.6947861000007833E-002
          13   1.8000000715255737       -2.8000000715255688        2.3500611540813993E-009   7.0807241000011345E-002
          13   1.9500000476837158       -2.9500000476837185        1.9390456947404102E-009   7.9880113000001529E-002
          13   2.1000001430511475       -3.1000001430511497        1.6157662420715900E-009   6.3484506999998302E-002
          13   2.2500000000000000       -3.2499999999999996        1.1394627536424315E-009   7.1911945000010746E-002
          13   2.4000000953674316       -3.4000000953674321        9.2492136160444605E-010   7.6782330999947135E-002
          13   2.5500001907348633       -3.5500001907348633        7.0239147826490788E-010   7.5551532000019961E-002
          13   2.7000000476837158       -3.7000000476837176        4.7816323736403180E-010   6.7276403999983359E-002
          13   2.8500001430511475       -3.8500001430511475        5.3921860168244700E-010   6.6117161999954988E-002
          13   3.0000000000000000       -4.0000000000000018        6.2325298034797486E-010   6.5523633999987396E-002
