           2   0.0000000000000000       -3.0000000000000013        4.6852808349376150E-016   1.8878240000000015E-003
           2  0.30000001192092896       -3.0000000000000004        3.2930018743664462E-016   1.1424680000000006E-003
           2  0.60000002384185791       -3.0000000000000004        4.1957134024466456E-016   1.3063929999999994E-003
           2  0.90000003576278687       -3.0000000000000000        1.0015528301199778E-015   4.4112989999999970E-003
           2   1.2000000476837158       -3.0000000000000000        5.4717292663177864E-016   1.4774489999999987E-003
           2   1.5000000000000000       -3.0000000000000004        2.0417527660925422E-016   1.3953500000000035E-003
           2   1.8000000715255737       -2.9999999999999996        3.4584113738546736E-016   1.3441609999999965E-003
           2   2.1000001430511475       -3.1000001430511475        2.9807938356292432E-016   1.5900879999999964E-003
           2   2.4000000953674316       -3.4000000953674325        3.4939753919741441E-016   1.3359769999999951E-003
           2   2.7000000476837158       -3.7000000476837158        2.7271692422259393E-016   1.2747499999999981E-003
           2   3.0000000000000000       -4.0000000000000000        8.7719393414082772E-017   1.2673170000000039E-003
           3   0.0000000000000000       -2.3333333333333335        1.2398854488790125E-016   2.5337700000000046E-003
           3  0.30000001192092896       -2.4333333373069768        5.2825946673832268E-016   2.1764410000000012E-003
           3  0.60000002384185791       -2.5333333412806196        2.6321191111721059E-016   5.9469870000000008E-003
           3  0.90000003576278687       -2.6333333452542624        6.2538072686045398E-016   2.1780900000000075E-003
           3   1.2000000476837158       -2.7333333492279053        4.5801140428748748E-016   2.2442160000000072E-003
           3   1.5000000000000000       -2.8333333333333339        3.3271664490966968E-016   2.1049219999999952E-003
           3   1.8000000715255737       -2.9333333571751923        7.1872504363770235E-016   2.3564670000000010E-003
           3   2.1000001430511475       -3.1000001430511479        4.0653862691300919E-016   2.1025570000000049E-003
           3   2.4000000953674316       -3.4000000953674316        3.6470444527044235E-016   5.9430220000000061E-003
           3   2.7000000476837158       -3.7000000476837163        5.3556218064809279E-016   1.9203940000000058E-003
           3   3.0000000000000000       -3.9999999999999996        3.5446243591172012E-016   1.7641530000000044E-003
           4   0.0000000000000000       -2.3722813232690130        1.1321538259597627E-015   3.2330570000000114E-003
           4  0.30000001192092896       -2.3722813232690148        7.4890565612149867E-016   3.4925610000000051E-003
           4  0.60000002384185791       -2.3722813232690152        8.6673796751174617E-016   7.9527069999999755E-003
           4  0.90000003576278687       -2.4500000178813934        5.2505820135131816E-016   3.3249109999999860E-003
           4   1.2000000476837158       -2.6000000238418588        1.0231606812557738E-015   3.4644319999999895E-003
           4   1.5000000000000000       -2.7500000000000022        9.1862307489092772E-016   3.3890679999999951E-003
           4   1.8000000715255737       -2.9000000357627878        1.0641176971361687E-015   3.4597029999999807E-003
           4   2.1000001430511475       -3.1000001430511475        3.0987128420226984E-016   6.4005850000000142E-003
           4   2.4000000953674316       -3.4000000953674321        6.2299894149921838E-016   3.3808969999999938E-003
           4   2.7000000476837158       -3.7000000476837158        3.5904396137889464E-016   3.1896939999999929E-003
           4   3.0000000000000000       -4.0000000000000009        4.8321318140212792E-016   3.4746400000000011E-003
           5   0.0000000000000000       -2.2492422502470641        1.7882138738985819E-013   3.3322029999999780E-003
           5  0.30000001192092896       -2.3092422526312482        3.8814386401654256E-011   4.7700340000000063E-003
           5  0.60000002384185791       -2.3692422550154348        6.1926562779791764E-011   5.0356559999999995E-003
           5  0.90000003576278687       -2.4292422573996220        1.0279523742940253E-010   4.9165909999999979E-003
           5   1.2000000476837158       -2.5200000286102293        1.2010677579637356E-010   4.8369809999999902E-003
           5   1.5000000000000000       -2.7000000000000006        1.8261047575298562E-012   5.2636030000000056E-003
           5   1.8000000715255737       -2.8800000429153436        1.9034748753604075E-011   5.0751930000000056E-003
           5   2.1000001430511475       -3.1000001430511439        4.2714395205562400E-011   4.9475509999999945E-003
           5   2.4000000953674316       -3.4000000953674325        1.2604264655331634E-012   7.9455680000000140E-003
           5   2.7000000476837158       -3.7000000476837158        4.9829108069726797E-013   4.7581769999999746E-003
           5   3.0000000000000000       -4.0000000000000027        9.0986858644058036E-014   4.9662919999999833E-003
           6   0.0000000000000000       -2.2730106441039659        1.6311044852152644E-010   5.0338139999999698E-003
           6  0.30000001192092896       -2.2730106441039681        7.2919877728941147E-009   6.5158819999999729E-003
           6  0.60000002384185791       -2.3157985296819139        1.7780197321779326E-011   7.9414839999999987E-003
           6  0.90000003576278687       -2.4157985336555536        3.8710631711633611E-012   1.0898621999999969E-002
           6   1.2000000476837158       -2.5157985376292014        7.9581422515681514E-012   7.4778699999999976E-003
           6   1.5000000000000000       -2.6666666666666656        2.9094628000582940E-012   8.1109870000000139E-003
           6   1.8000000715255737       -2.8666667143503832        2.9251661444986196E-009   6.6096440000000256E-003
           6   2.1000001430511475       -3.1000001430511435        3.7636390748441221E-009   6.2953629999999983E-003
           6   2.4000000953674316       -3.4000000953674339        6.2210696338867345E-011   6.1929259999999875E-003
           6   2.7000000476837158       -3.7000000476837158        9.1228186887253975E-012   6.2116430000000444E-003
           6   3.0000000000000000       -4.0000000000000009        1.8149049058624803E-012   6.1656370000000016E-003
           7   0.0000000000000000       -2.2236206375173522        6.3969378465797568E-012   9.6132139999999811E-003
           7  0.30000001192092896       -2.2664777820774828        5.1295865042436985E-010   7.9858890000000238E-003
           7  0.60000002384185791       -2.3093349266376157        8.3680933586617480E-010   1.1872739999999937E-002
           7  0.90000003576278687       -2.3837532993244639        3.6381894042201219E-011   9.7743550000000123E-003
           7   1.2000000476837158       -2.5123247330048590        1.3301797223046262E-011   1.3533547000000090E-002
           7   1.5000000000000000       -2.6428571428571432        2.3748165212727387E-010   9.4482150000000376E-003
           7   1.8000000715255737       -2.8571429082325515        6.9628797288541854E-009   1.1076446000000018E-002
           7   2.1000001430511475       -3.1000001430511435        1.6842741963341776E-009   8.2855739999999622E-003
           7   2.4000000953674316       -3.4000000953674330        1.0154015554140742E-011   1.1057166000000063E-002
           7   2.7000000476837158       -3.7000000476837163        5.3316671230332701E-009   6.2977509999999626E-003
           7   3.0000000000000000       -4.0000000000000027        1.1401260636804031E-009   6.2185759999999757E-003
           8   0.0000000000000000       -2.2390782121710746        6.3474375622857735E-011   8.4706509999999957E-003
           8  0.30000001192092896       -2.2390782121710804        2.7657810694329267E-009   1.3210810999999989E-002
           8  0.60000002384185791       -2.3021688774641476        9.3023854804628329E-010   9.6577579999999053E-003
           8  0.90000003576278687       -2.3771688804443776        5.6503755051469857E-009   1.0121422999999963E-002
           8   1.2000000476837158       -2.4984816825923888        1.8447727704650217E-010   1.1634908999999971E-002
           8   1.5000000000000000       -2.6484816587505273        6.2705263971946396E-010   1.3864823000000026E-002
           8   1.8000000715255737       -2.8500000536441794        7.5523381582158453E-011   1.5400518999999946E-002
           8   2.1000001430511475       -3.1000001430511470        4.4885610882234259E-009   9.8400010000000426E-003
           8   2.4000000953674316       -3.4000000953674347        3.1337325402502395E-011   9.5901499999999640E-003
           8   2.7000000476837158       -3.7000000476837149        2.4784904190230807E-009   1.1097010999999934E-002
           8   3.0000000000000000       -4.0000000000000027        2.8960244842857575E-010   7.7210210000000501E-003
           9   0.0000000000000000       -2.2128457251221270        1.3989542378530811E-010   9.0540300000000462E-003
           9  0.30000001192092896       -2.2461790597799993        8.8095075702202036E-009   1.0808134999999996E-002
           9  0.60000002384185791       -2.2795123944378846        6.8795759218213586E-009   1.2447185000000083E-002
           9  0.90000003576278687       -2.3772343845922439        1.2412350703408343E-009   1.2528751000000060E-002
           9   1.2000000476837158       -2.4815239480532387        1.9874194115555200E-009   1.3709162999999913E-002
           9   1.5000000000000000       -2.6481905882289585        2.9329383321894593E-010   1.3803469999999818E-002
           9   1.8000000715255737       -2.8444445000754452        4.3395100869878631E-010   1.3519519000000146E-002
           9   2.1000001430511475       -3.1000001430511448        3.1538693229460541E-009   1.2149768000000005E-002
           9   2.4000000953674316       -3.4000000953674312        3.4110689392848003E-009   1.0034851999999983E-002
           9   2.7000000476837158       -3.7000000476837136        1.4620678487662178E-010   1.0503246000000077E-002
           9   3.0000000000000000       -4.0000000000000018        3.7763476927737735E-009   8.6445969999999761E-003
          10   0.0000000000000000       -2.2235305971038946        4.6079230594922827E-010   1.2513269999999910E-002
          10  0.30000001192092896       -2.2283490400231658        7.3369091366299770E-010   1.6636351999999910E-002
          10  0.60000002384185791       -2.2883490424073534        8.5567752391699679E-009   1.4698769999999861E-002
          10  0.90000003576278687       -2.3656723470488328        1.8785445465645028E-009   1.7204862999999904E-002
          10   1.2000000476837158       -2.4856723518171968        3.7947192813692077E-009   1.6168009999999899E-002
          10   1.5000000000000000       -2.6442973570033059        4.8427205734756325E-009   1.7458648999999937E-002
          10   1.8000000715255737       -2.8400000572204593        1.4008456763862909E-009   1.8184968999999995E-002
          10   2.1000001430511475       -3.1000001430511452        3.9065401789067659E-009   1.5472855000000063E-002
          10   2.4000000953674316       -3.4000000953674330        9.2804911092333496E-010   1.3805697000000006E-002
          10   2.7000000476837158       -3.7000000476837136        1.9712897239511896E-009   1.1678258999999969E-002
          10   3.0000000000000000       -4.0000000000000044        1.9666580324760687E-010   1.1815423000000269E-002
          11   0.0000000000000000       -2.2073509508491997        5.0670230713103196E-010   1.6651656000000070E-002
          11  0.30000001192092896       -2.2346236792056473        1.1279137319130332E-009   2.1633365999999654E-002
          11  0.60000002384185791       -2.2804881697691313        6.5150897326440579E-009   2.1073975000000189E-002
          11  0.90000003576278687       -2.3623063548384740        4.1337081460687270E-010   2.4248185999999450E-002
          11   1.2000000476837158       -2.4852423330506102        2.8468564405187950E-009   2.4386366999999964E-002
          11   1.5000000000000000       -2.6388261971700810        8.9385378103714734E-010   3.0283648000000163E-002
          11   1.8000000715255737       -2.8363636948845605        1.1522595110164869E-009   2.9523410000000361E-002
          11   2.1000001430511475       -3.1000001430511519        1.8366906254990413E-010   2.5753503999998983E-002
          11   2.4000000953674316       -3.4000000953674343        8.1398375431279364E-010   2.0714347000000188E-002
          11   2.7000000476837158       -3.7000000476837154        5.8455747342756452E-010   1.8353096000000235E-002
          11   3.0000000000000000       -3.9999999999999973        7.5348536370499817E-011   1.8108736000000292E-002
          12   0.0000000000000000       -2.2151289960134157        8.5927795114671254E-010   2.7670595000000020E-002
          12  0.30000001192092896       -2.2269727656959453        2.0445913797955514E-009   3.5894310999999846E-002
          12  0.60000002384185791       -2.2769727676827682        2.4979267336042203E-009   3.7042414999998385E-002
          12  0.90000003576278687       -2.3638829230550087        2.4095486858107479E-009   3.4409334999999430E-002
          12   1.2000000476837158       -2.4800553780701362        4.0228641110808854E-009   5.4132599999999087E-002
          12   1.5000000000000000       -2.6327757387454986        2.1685831883501071E-009   6.3667532000000193E-002
          12   1.8000000715255737       -2.8333333929379769        8.2795037922203012E-009   6.8996567999995762E-002
          12   2.1000001430511475       -3.1000001430511497        8.0671205483110493E-009   5.2500940000001606E-002
          12   2.4000000953674316       -3.4000000953674339        6.2649039542505116E-009   4.2187263999998947E-002
          12   2.7000000476837158       -3.7000000476837105        7.1539091946391780E-009   3.8511814000003142E-002
          12   3.0000000000000000       -4.0000000000000044        5.9397401180609897E-010   3.7489827000001696E-002
