           2   0.0000000000000000       -1.0000000000000000        1.5700924586837752E-016   2.0468450000000003E-003
           2  0.15000000596046448       -1.3000000119209292        3.8449807587040574E-016   1.3297589999999998E-003
           2  0.30000001192092896       -1.6000000238418579        3.4729579943210274E-016   1.5205730000000008E-003
           2  0.45000001788139343       -1.9000000357627864        3.7972884988146647E-016   1.2815430000000030E-003
           2  0.60000002384185791       -2.2000000476837158        1.8975073289911312E-016   1.1980030000000030E-003
           2  0.75000000000000000       -2.4999999999999996        6.4898655260951978E-016   1.7030410000000024E-003
           2  0.90000003576278687       -2.8000000715255728        4.1569330510340276E-016   1.2036909999999998E-003
           2   1.0500000715255737       -3.1000001430511475        2.6077503134901706E-016   1.3515199999999949E-003
           2   1.2000000476837158       -3.4000000953674312        4.3355172174176834E-016   1.2508380000000041E-003
           2   1.3500000238418579       -3.7000000476837158        6.4808562474904012E-016   1.3493340000000006E-003
           2   1.5000000000000000       -3.9999999999999964        1.0102803186903677E-015   1.2019910000000064E-003
           2   1.6500000953674316       -4.3000001907348633        4.6806558265375070E-016   1.2784290000000045E-003
           2   1.8000000715255737       -4.6000001430511457        6.0484227403073052E-016   1.2118539999999983E-003
           2   1.9500000476837158       -4.9000000953674316        2.4512402539658310E-016   1.4162300000000044E-003
           2   2.1000001430511475       -5.2000002861022967        4.7579824959944590E-016   1.1899439999999983E-003
           2   2.2500000000000000       -5.5000000000000000        1.3822135499785505E-016   1.3357260000000093E-003
           2   2.4000000953674316       -5.8000001907348633        1.1110696932449934E-016   1.1643039999999910E-003
           2   2.5500001907348633       -6.1000003814697292        4.9584592672588113E-016   1.1564030000000003E-003
           2   2.7000000476837158       -6.4000000953674316        2.2565800192051192E-016   1.2044449999999984E-003
           2   2.8500001430511475       -6.7000002861022949        1.0271843929827219E-016   1.1694739999999898E-003
           2   3.0000000000000000       -7.0000000000000027        5.5616121407345065E-016   1.5528019999999920E-003
           3   0.0000000000000000       -1.0000000000000002        1.1231580982095260E-015   2.8659820000000030E-003
           3  0.15000000596046448       -1.2250000089406965        5.9366516428927027E-016   2.6690780000000053E-003
           3  0.30000001192092896       -1.4500000178813932        1.0106562900974464E-015   2.1890160000000020E-003
           3  0.45000001788139343       -1.6750000268220913        7.9937287685744418E-016   2.3968169999999955E-003
           3  0.60000002384185791       -1.9000000357627862        7.8490548545264710E-016   1.8186379999999974E-003
           3  0.75000000000000000       -2.1250000000000004        6.1550051539333852E-016   2.3001569999999971E-003
           3  0.90000003576278687       -2.3500000536441812        1.2029610547519959E-015   1.7919889999999938E-003
           3   1.0500000715255737       -2.5750001072883602        1.5142058612970599E-015   1.8408560000000018E-003
           3   1.2000000476837158       -2.8000000715255746        6.7403201582978204E-016   1.9108860000000005E-003
           3   1.3500000238418579       -3.0250000357627878        7.1242610110389175E-016   1.7886669999999938E-003
           3   1.5000000000000000       -3.2499999999999991        4.5208816570147942E-016   2.5700529999999888E-003
           3   1.6500000953674316       -3.4750001430511497        9.8224304572823656E-016   1.9388000000000183E-003
           3   1.8000000715255737       -3.7000001072883610        5.2264894655573282E-016   2.1771770000000024E-003
           3   1.9500000476837158       -3.9250000715255728        6.4439994397654704E-016   2.0109710000000003E-003
           3   2.1000001430511475       -4.1500002145767185        8.3512139576808664E-016   2.2043690000000116E-003
           3   2.2500000000000000       -4.3750000000000018        7.9399933809496452E-016   2.0092909999999964E-003
           3   2.4000000953674316       -4.6000001430511457        9.9138572912931519E-016   2.2715650000000032E-003
           3   2.5500001907348633       -4.8250002861022931        4.6983220186678607E-016   1.9689340000000055E-003
           3   2.7000000476837158       -5.0500000715255728        6.9543257171890757E-016   2.5421659999999846E-003
           3   2.8500001430511475       -5.2750002145767212        3.9622213826627500E-016   1.8890410000000080E-003
           3   3.0000000000000000       -5.4999999999999991        2.9908337044815243E-016   2.0121760000000044E-003
           4   0.0000000000000000       -1.0000000000000007        5.9958896166647659E-016   3.5807350000000016E-003
           4  0.15000000596046448       -1.2000000079472861        4.5323517313372157E-016   3.6673210000000012E-003
           4  0.30000001192092896       -1.4000000158945725        5.8645832279533264E-016   3.3696679999999923E-003
           4  0.45000001788139343       -1.6000000238418590        1.0419935246565400E-015   3.7694060000000029E-003
           4  0.60000002384185791       -1.8000000317891438        7.2750298898206714E-016   4.0828840000000088E-003
           4  0.75000000000000000       -1.9999999999999998        7.1469005655334825E-016   3.3399410000000129E-003
           4  0.90000003576278687       -2.2000000476837163        6.7109373443692138E-016   3.6457729999999910E-003
           4   1.0500000715255737       -2.4000000953674303        6.7675550014640124E-016   3.2836460000000012E-003
           4   1.2000000476837158       -2.6000000635782876        4.9991784381317172E-016   3.3769540000000153E-003
           4   1.3500000238418579       -2.8000000317891440        1.7565495315576215E-016   3.5843190000000025E-003
           4   1.5000000000000000       -2.9999999999999996        4.6207762310394820E-016   3.4289290000000250E-003
           4   1.6500000953674316       -3.2000001271565757        3.5952796122694112E-016   3.3200770000000324E-003
           4   1.8000000715255737       -3.4000000953674303        4.9945267729672905E-016   3.4588720000000017E-003
           4   1.9500000476837158       -3.6000000635782876        4.4974032048906105E-016   3.3208499999999863E-003
           4   2.1000001430511475       -3.8000001907348633        6.5114216181920039E-016   3.1771229999999484E-003
           4   2.2500000000000000       -3.9999999999999996        4.0889421112141829E-016   3.1756620000000235E-003
           4   2.4000000953674316       -4.2000001271565779        6.6096650447996397E-016   3.4824600000000205E-003
           4   2.5500001907348633       -4.4000002543131513        7.2187110796920069E-016   3.7108460000000454E-003
           4   2.7000000476837158       -4.6000000635782898        5.5893193177456986E-016   3.3623720000000024E-003
           4   2.8500001430511475       -4.8000001907348659        1.0577280518444088E-015   3.5118660000000301E-003
           4   3.0000000000000000       -5.0000000000000000        9.5278101558994538E-016   3.5865999999999953E-003
           5   0.0000000000000000      -0.99999999999999911        1.7256687352559370E-014   4.1422369999999931E-003
           5  0.15000000596046448       -1.1875000074505799        2.2517111243821583E-009   8.4578000000000153E-003
           5  0.30000001192092896       -1.3750000149011603        1.7257452942843717E-009   6.2897020000000081E-003
           5  0.45000001788139343       -1.5625000223517407        1.0319543392243853E-011   6.3283969999999856E-003
           5  0.60000002384185791       -1.7500000298023202        9.7786481664443375E-013   6.5279299999999596E-003
           5  0.75000000000000000       -1.9375000000000013        2.2933746478501747E-009   4.8871209999999943E-003
           5  0.90000003576278687       -2.1250000447034827        5.9210644738773627E-010   5.1005049999999774E-003
           5   1.0500000715255737       -2.3125000894069654        2.0453340612014194E-010   4.9641270000000404E-003
           5   1.2000000476837158       -2.5000000596046452        5.5982602857219805E-011   5.1527980000000140E-003
           5   1.3500000238418579       -2.6875000298023206        1.5724753435563550E-011   5.8188759999999728E-003
           5   1.5000000000000000       -2.8749999999999996        8.7775637028040212E-012   5.0514919999999908E-003
           5   1.6500000953674316       -3.0625001192092900        8.2044035290448838E-012   5.0373029999999930E-003
           5   1.8000000715255737       -3.2500000894069658        2.3068693054708872E-012   5.1140639999999737E-003
           5   1.9500000476837158       -3.4375000596046452        3.9109232582824883E-012   5.0384799999999563E-003
           5   2.1000001430511475       -3.6250001788139334        4.9895819662567605E-012   4.9544220000000139E-003
           5   2.2500000000000000       -3.8124999999999964        1.7494960842188218E-012   5.2571820000000269E-003
           5   2.4000000953674316       -4.0000001192092887        5.2199598826050673E-012   5.0889069999999759E-003
           5   2.5500001907348633       -4.1875002384185791        3.1567242906092164E-012   5.0798699999999863E-003
           5   2.7000000476837158       -4.3750000596046394        1.9757183678492153E-012   5.5147379999999635E-003
           5   2.8500001430511475       -4.5625001788139317        1.8896814847663803E-012   5.6096740000000089E-003
           5   3.0000000000000000       -4.7499999999999973        1.7447666362880155E-012   5.2113710000000202E-003
           6   0.0000000000000000       -1.0000000000000004        2.5061643362903215E-010   5.3526570000000939E-003
           6  0.15000000596046448       -1.1800000071525576        9.9916118153486156E-009   1.0149446000000006E-002
           6  0.30000001192092896       -1.3600000143051136        1.0182911085052050E-009   8.3733280000000132E-003
           6  0.45000001788139343       -1.5400000214576701        1.0392368728799635E-011   8.7507770000000429E-003
           6  0.60000002384185791       -1.7200000286102295        6.4164741735892029E-010   6.4766419999999769E-003
           6  0.75000000000000000       -1.9000000000000004        2.0273046324516359E-010   6.9175540000000479E-003
           6  0.90000003576278687       -2.0800000429153434        2.6611875093187731E-011   7.1083740000000839E-003
           6   1.0500000715255737       -2.2600000858306872        5.2885097697691630E-012   7.5970220000000088E-003
           6   1.2000000476837158       -2.4400000572204581        2.3088024325076191E-012   6.6879169999999322E-003
           6   1.3500000238418579       -2.6200000286102294        1.2984059741263749E-012   6.7708530000000211E-003
           6   1.5000000000000000       -2.8000000000000016        5.0159364199113834E-009   5.0194560000000887E-003
           6   1.6500000953674316       -2.9800001144409194        2.5174645612027956E-009   4.8636469999999710E-003
           6   1.8000000715255737       -3.1600000858306894        1.5969197046802930E-009   4.9425009999999325E-003
           6   1.9500000476837158       -3.3400000572204598        1.1629441098794041E-009   4.8238129999998991E-003
           6   2.1000001430511475       -3.5200001716613754        1.1489403265030973E-009   4.8619180000000206E-003
           6   2.2500000000000000       -3.6999999999999980        9.9942644682743317E-010   6.0473149999999976E-003
           6   2.4000000953674316       -3.8800001144409166        9.1330692293072247E-010   6.0364710000000432E-003
           6   2.5500001907348633       -4.0600002288818349        8.1267922882619329E-010   5.2002490000000456E-003
           6   2.7000000476837158       -4.2400000572204579        6.9302046582924986E-010   4.9235810000000102E-003
           6   2.8500001430511475       -4.4200001716613730        6.2237112441684153E-010   4.9389819999999807E-003
           6   3.0000000000000000       -4.5999999999999996        6.3443798913646105E-010   4.9865770000000476E-003
           7   0.0000000000000000      -0.99999999999999833        2.6653891076529574E-011   9.2967080000000424E-003
           7  0.15000000596046448       -1.1750000069538764        3.6430482899126636E-009   1.2501004000000093E-002
           7  0.30000001192092896       -1.3500000139077493        1.8366410371201803E-010   1.0486008999999963E-002
           7  0.45000001788139343       -1.5250000208616239        7.4289225470798055E-010   8.9440320000000462E-003
           7  0.60000002384185791       -1.7000000278154996        5.8892766434399738E-011   8.4113300000000502E-003
           7  0.75000000000000000       -1.8749999999999982        1.3137726697912866E-009   7.0166790000000256E-003
           7  0.90000003576278687       -2.0500000417232509        9.9034571082658061E-010   6.7766530000000769E-003
           7   1.0500000715255737       -2.2250000834465005        3.1654308230705382E-010   6.9354510000000369E-003
           7   1.2000000476837158       -2.4000000556310037        1.2556676638680058E-010   7.0855360000000589E-003
           7   1.3500000238418579       -2.5750000278155039        4.4143477264758315E-011   8.6839559999999372E-003
           7   1.5000000000000000       -2.7500000000000000        1.8063620883686618E-011   7.5021699999999747E-003
           7   1.6500000953674316       -2.9250001112619990        1.6008141580132102E-011   7.8721809999999781E-003
           7   1.8000000715255737       -3.1000000834465031        8.9063354191169945E-012   7.7421130000000504E-003
           7   1.9500000476837158       -3.2750000556310024        7.4622853650328754E-012   6.5747239999999207E-003
           7   2.1000001430511475       -3.4500001668930036        4.5323443019060686E-012   8.1216520000000347E-003
           7   2.2500000000000000       -3.6249999999999987        2.8602982808353279E-012   6.6702810000000001E-003
           7   2.4000000953674316       -3.8000001112620070        2.0289899291057406E-012   7.2267099999999695E-003
           7   2.5500001907348633       -3.9750002225240095        2.2978676540915649E-012   7.7169220000000704E-003
           7   2.7000000476837158       -4.1500000556310015        2.2185814282125304E-012   7.8930379999999634E-003
           7   2.8500001430511475       -4.3250001668930018        1.9357543918893655E-012   7.1614819999998858E-003
           7   3.0000000000000000       -4.5000000000000009        1.3981756981895449E-012   7.1472510000001321E-003
           8   0.0000000000000000      -0.99999999999999911        1.0325099006738184E-009   1.2003018000000143E-002
           8  0.15000000596046448       -1.1714285782405298        4.6572111719890324E-010   1.8336804999999901E-002
           8  0.30000001192092896       -1.3428571564810625        7.4054821203644244E-010   1.3707551999999845E-002
           8  0.45000001788139343       -1.5142857347215908        1.6274660236022004E-009   1.1499563999999962E-002
           8  0.60000002384185791       -1.6857143129621233        6.7167604380883080E-011   1.1329176000000052E-002
           8  0.75000000000000000       -1.8571428571428596        1.6395383543377643E-009   9.8099450000002086E-003
           8  0.90000003576278687       -2.0285714694431838        6.5631282275338785E-010   9.2547820000001835E-003
           8   1.0500000715255737       -2.2000000817435130        1.3449485538482501E-010   9.5399190000000633E-003
           8   1.2000000476837158       -2.3714286259242456        5.9091616365298948E-011   9.5014689999999291E-003
           8   1.3500000238418579       -2.5428571701049818        1.6531243537607273E-011   9.4907709999998424E-003
           8   1.5000000000000000       -2.7142857142857140        7.5346970156330812E-012   9.8256130000000663E-003
           8   1.6500000953674316       -2.8857143947056341        6.6448579662137925E-009   7.6402610000001481E-003
           8   1.8000000715255737       -3.0571429388863685        4.3775289355039021E-009   7.8480730000001220E-003
           8   1.9500000476837158       -3.2285714830671042        2.6055430833394189E-009   7.5672320000002014E-003
           8   2.1000001430511475       -3.4000001634870238        1.9517421418205469E-009   7.2348429999999908E-003
           8   2.2500000000000000       -3.5714285714285707        1.5688409708751374E-009   7.7977190000000363E-003
           8   2.4000000953674316       -3.7428572518484917        1.3402397097714594E-009   8.4593659999998572E-003
           8   2.5500001907348633       -3.9142859322684225        1.0528716802239225E-009   7.6705180000000706E-003
           8   2.7000000476837158       -4.0857143402099592        8.9388950756774623E-010   7.9345330000000214E-003
           8   2.8500001430511475       -4.2571430206298801        7.6164836811881151E-010   7.7026860000000141E-003
           8   3.0000000000000000       -4.4285714285714262        8.5904170608910271E-010   8.3458130000000352E-003
           9   0.0000000000000000       -1.0000000000000000        2.5760560043775613E-009   1.7208246000000038E-002
           9  0.15000000596046448       -1.1687500067055219        2.5986838838504384E-009   2.0939300999999855E-002
           9  0.30000001192092896       -1.3375000134110451        1.8922336923260971E-009   1.7001116999999955E-002
           9  0.45000001788139343       -1.5062500201165689        2.5267725490271818E-009   1.3328379000000057E-002
           9  0.60000002384185791       -1.6750000268220924        2.2734941921785195E-010   1.3472687000000150E-002
           9  0.75000000000000000       -1.8437499999999998        4.1005751883473446E-009   1.1425047999999993E-002
           9  0.90000003576278687       -2.0125000402331370        8.6432755150904317E-010   1.1875161999999939E-002
           9   1.0500000715255737       -2.1812500804662660        2.8475189270170461E-010   1.1101672999999757E-002
           9   1.2000000476837158       -2.3500000536441790        1.1807538028669942E-010   1.0989016999999990E-002
           9   1.3500000238418579       -2.5187500268220897        4.5674973469359783E-011   1.1041622000000029E-002
           9   1.5000000000000000       -2.6875000000000031        1.6134995100259100E-011   1.0824698999999605E-002
           9   1.6500000953674316       -2.8562501072883628        6.9850091067149792E-009   9.5284840000000592E-003
           9   1.8000000715255737       -3.0250000804662722        5.4024992536123967E-009   9.6309629999997703E-003
           9   1.9500000476837158       -3.1937500536441776        4.6597253565664610E-009   8.3729249999997535E-003
           9   2.1000001430511475       -3.3625001609325365        4.1911823739180965E-009   8.4682219999998587E-003
           9   2.2500000000000000       -3.5312499999999933        3.2360913447451029E-009   8.1131270000001088E-003
           9   2.4000000953674316       -3.7000001072883588        2.5117645464874659E-009   9.2126409999999659E-003
           9   2.5500001907348633       -3.8687502145767203        2.1140757794106483E-009   8.5234399999998267E-003
           9   2.7000000476837158       -4.0375000536441785        1.6511932367471359E-009   9.5240959999998154E-003
           9   2.8500001430511475       -4.2062501609325400        1.6190125991678985E-009   8.6752530000002714E-003
           9   3.0000000000000000       -4.3750000000000027        1.5501677060636338E-009   8.6724689999999605E-003
          10   0.0000000000000000       -1.0000000000000018        8.1100903022008339E-010   2.7335170000000186E-002
          10  0.15000000596046448       -1.1666666732894053        2.0693257530503230E-009   3.0115488999999940E-002
          10  0.30000001192092896       -1.3333333465788053        6.2428712677266649E-010   2.4658485999999868E-002
          10  0.45000001788139343       -1.5000000198682126        7.1508852556685654E-010   2.0418564999999944E-002
          10  0.60000002384185791       -1.6666666931576204        3.4288826537117818E-009   1.7049872000000299E-002
          10  0.75000000000000000       -1.8333333333333313        3.4422935265950650E-010   1.6993937999999709E-002
          10  0.90000003576278687       -2.0000000397364297        9.6374246430703957E-011   1.8345290000000070E-002
          10   1.0500000715255737       -2.1666667461395246        4.3033967836701408E-009   1.3995981999999962E-002
          10   1.2000000476837158       -2.3333333863152408        1.6424987134003733E-009   1.4201476999999407E-002
          10   1.3500000238418579       -2.5000000264909534        5.1574641479543581E-010   1.4149293000000007E-002
          10   1.5000000000000000       -2.6666666666666679        4.6509399632132234E-010   1.4068209000000387E-002
          10   1.6500000953674316       -2.8333334392971459        2.8649477039348585E-010   1.4495420000000259E-002
          10   1.8000000715255737       -3.0000000794728603        1.5664684167998444E-010   1.4850459000000704E-002
          10   1.9500000476837158       -3.1666667196485734        8.6803584379532606E-011   1.4651090000000089E-002
          10   2.1000001430511475       -3.3333334922790536        7.0241338293391055E-011   1.5220150999999404E-002
          10   2.2500000000000000       -3.4999999999999987        6.5661314173372848E-011   1.3605930000000654E-002
          10   2.4000000953674316       -3.6666667726304851        6.4487849163242447E-011   1.4518880000000678E-002
          10   2.5500001907348633       -3.8333335452609592        5.6213999120918833E-011   1.4310505000000084E-002
          10   2.7000000476837158       -4.0000000529819024        4.8630325350655773E-011   1.4032902999999486E-002
          10   2.8500001430511475       -4.1666668256123813        4.1651513018250687E-011   1.4226472999999018E-002
          10   3.0000000000000000       -4.3333333333333357        3.7246310928948349E-011   1.4175756000000206E-002
          11   0.0000000000000000      -0.99999999999999789        1.9125402132486696E-009   4.3492599000000354E-002
          11  0.15000000596046448       -1.1650000065565123        1.1092052297038497E-009   4.6097608000000179E-002
          11  0.30000001192092896       -1.3300000131130234        5.1547157759971336E-009   3.6716109000000330E-002
          11  0.45000001788139343       -1.4950000196695334        5.1265825832246766E-009   3.1112995000000865E-002
          11  0.60000002384185791       -1.6600000262260419        2.1614365691193768E-010   3.1516239000000112E-002
          11  0.75000000000000000       -1.8250000000000015        2.8136454275773371E-009   2.6880644000000231E-002
          11  0.90000003576278687       -1.9900000393390644        6.3416841183465035E-010   2.4996891000000687E-002
          11   1.0500000715255737       -2.1550000786781296        2.1844332225992604E-010   2.4260104999999754E-002
          11   1.2000000476837158       -2.3200000524520878        8.8178971037410900E-009   2.1878765999996830E-002
          11   1.3500000238418579       -2.4850000262260439        7.5177939228323541E-009   2.2604069999999865E-002
          11   1.5000000000000000       -2.6499999999999941        4.8234264813442291E-009   2.3575571999998601E-002
          11   1.6500000953674316       -2.8150001049041746        2.6336545381501122E-009   2.1801422999999431E-002
          11   1.8000000715255737       -2.9800000786781320        1.6955150287890228E-009   2.2737512999999154E-002
          11   1.9500000476837158       -3.1450000524520902        1.1826951114647408E-009   2.1652740000000392E-002
          11   2.1000001430511475       -3.3100001573562587        9.5670213953023445E-010   2.1138139000001388E-002
          11   2.2500000000000000       -3.4750000000000005        7.4341457979330189E-010   2.3363705999997819E-002
          11   2.4000000953674316       -3.6400001049041748        5.9242906296763384E-010   2.3106091999999023E-002
          11   2.5500001907348633       -3.8050002098083495        4.8109718012072223E-010   2.1861095999998525E-002
          11   2.7000000476837158       -3.9700000524520833        3.9987566840439917E-010   2.2665419999999159E-002
          11   2.8500001430511475       -4.1350001573562594        3.4431299120998161E-010   2.2546737000002537E-002
          11   3.0000000000000000       -4.3000000000000025        2.9990204294756496E-010   2.2710598999999831E-002
          12   0.0000000000000000       -1.0000000000000007        5.7701185388091846E-009   7.9351303000002815E-002
          12  0.15000000596046448       -1.1636363701386878        1.0306518291372174E-009   8.2968001999994101E-002
          12  0.30000001192092896       -1.3272727402773770        3.2609495406657675E-009   6.8574443999999346E-002
          12  0.45000001788139343       -1.4909091104160681        1.4690723107929700E-009   6.0859573999998418E-002
          12  0.60000002384185791       -1.6545454805547564        2.4969485237002268E-009   5.0763070000002131E-002
          12  0.75000000000000000       -1.8181818181818199        4.8679524832368442E-010   5.0336874000002751E-002
          12  0.90000003576278687       -1.9818182208321324        1.3135595903483415E-010   4.9482589000000132E-002
          12   1.0500000715255737       -2.1454546234824461        2.9773359238791644E-009   4.1654090999998061E-002
          12   1.2000000476837158       -2.3090909611095083        1.6817914535828423E-009   4.2853504999996517E-002
          12   1.3500000238418579       -2.4727272987365749        5.9178058102462914E-010   4.3475456000010126E-002
          12   1.5000000000000000       -2.6363636363636327        2.1502026833787319E-010   4.2332866000009517E-002
          12   1.6500000953674316       -2.8000001040371960        2.1387328240017481E-010   4.3783007000001817E-002
          12   1.8000000715255737       -2.9636364416642609        1.1402213596685192E-010   4.0045681000009381E-002
          12   1.9500000476837158       -3.1272727792913262        9.2778224288504948E-009   3.2852402999992592E-002
          12   2.1000001430511475       -3.2909092469648895        6.5859066902022651E-009   3.6522603000008758E-002
          12   2.2500000000000000       -3.4545454545454573        4.9326241177940144E-009   3.5086749000001305E-002
          12   2.4000000953674316       -3.6181819222190175        3.4405308893646061E-009   3.6762818999989122E-002
          12   2.5500001907348633       -3.7818183898925737        2.6170919064448354E-009   3.6936380000000213E-002
          12   2.7000000476837158       -3.9454545974731414        2.1890238432616150E-009   3.2515837000005376E-002
          12   2.8500001430511475       -4.1090910651467087        1.9404647394626215E-009   3.4522151999993866E-002
          12   3.0000000000000000       -4.2727272727272725        1.7688085341565833E-009   3.4918468000000757E-002
