           2   0.0000000000000000       -3.0000000000000013        4.6852808349376150E-016   2.0131599999999999E-002
           2   5.9999998658895493E-002  -3.0000000000000000        2.4158335118607723E-016   7.8290000000000304E-004
           2  0.11999999731779099       -3.0000000000000004        5.6617024051410651E-016   9.8431999999999964E-003
           2  0.17999999225139618       -3.0000000000000000        2.7797730493528360E-016   2.9858200000000001E-002
           2  0.23999999463558197       -3.0000000000000009        8.0255853552168480E-016   8.8219999999999965E-004
           2  0.29999998211860657       -3.0000000000000004        2.5849933883225367E-016   7.9326000000000119E-003
           2  0.35999998450279236       -2.9999999999999996        8.0684626479326506E-016   8.2539999999997615E-004
           2  0.41999998688697815       -3.0000000000000004        7.3683294150355315E-016   8.9013000000000009E-003
           2  0.47999998927116394       -3.0000000000000004        5.7104236885381141E-016   1.0062000000000126E-003
           2  0.53999996185302734       -3.0000000000000000        3.3090103322652839E-016   8.5039999999991789E-004
           2  0.59999996423721313       -3.0000000000000000        6.1428999021742266E-016   8.5299999999999265E-004
           2  0.65999996662139893       -3.0000000000000004        1.9096705341411980E-016   8.6890000000006129E-004
           2  0.71999996900558472       -3.0000000000000000        4.7990799169145939E-016   8.3080000000002041E-004
           2  0.77999997138977051       -3.0000000000000004        2.8002139955245629E-016   2.1256999999999970E-002
           2  0.83999997377395630       -3.0000000000000000        5.7883095200701529E-016   1.4850000000000696E-003
           2  0.89999997615814209       -3.0000000000000004        5.3549134947657225E-016   2.5173800000000024E-002
           2  0.95999997854232788       -3.0000000000000009        6.0071498338858776E-016   8.6150000000007054E-004
           2   1.0199999809265137       -3.0399999618530291        6.8056978535113468E-016   8.0719000000000207E-003
           2   1.0799999237060547       -3.1599998474121098        3.6525445610245462E-016   1.2575999999999699E-003
           2   1.1399999856948853       -3.2799999713897710        2.6710203235029695E-016   8.7590000000004054E-004
           2   1.1999999284744263       -3.3999998569488517        3.9879297608309229E-016   9.0259999999997564E-004
           2   1.2599999904632568       -3.5199999809265150        5.7830445688299228E-016   9.3150000000008504E-004
           2   1.3199999332427979       -3.6399998664855953        3.9848279564717632E-016   1.0441999999999396E-003
           2   1.3799999952316284       -3.7599999904632577        5.2889368293114752E-016   8.9519999999998490E-004
           2   1.4399999380111694       -3.8799998760223362        6.6053802937497726E-016   8.7349999999997152E-004
           2   1.5000000000000000       -4.0000000000000000        8.7719393414082772E-017   3.0779000000000778E-003
           2   1.5599999427795410       -4.1199998855590820        3.6368195617212633E-016   9.8888000000000309E-003
           2   1.6200000047683716       -4.2400000095367449        4.8265305534682182E-016   8.5050000000008730E-004
           2   1.6799999475479126       -4.3599998950958261        5.1485918484527035E-016   2.7382000000000239E-003
           2   1.7400000095367432       -4.4800000190734863        1.5434059639239423E-016   6.6543000000000019E-003
           2   1.7999999523162842       -4.5999999046325684        9.5131093971683564E-017   9.4220000000000415E-004
           2   1.8600000143051147       -4.7200000286102295        3.5478555479600550E-016   1.5534999999999854E-003
           2   1.9199999570846558       -4.8399999141693115        5.5897219836585944E-016   8.2999999999999741E-004
           2   1.9799998998641968       -4.9599997997283918        4.6716942306157377E-016   8.1249999999999378E-004
           2   2.0399999618530273       -5.0799999237060556        2.0764483403582008E-016   7.5840000000004792E-004
           2   2.0999999046325684       -5.1999998092651385        5.5789626446810820E-016   3.6815000000000042E-003
           2   2.1599998474121094       -5.3199996948242205        4.1229833145115487E-016   9.2794000000000487E-003
           2   2.2200000286102295       -5.4400000572204590        4.6757789475190264E-016   7.8200000000006042E-004
           2   2.2799999713897705       -5.5599999427795419        1.8998561871952330E-016   5.4617999999999611E-003
           2   2.3399999141693115       -5.6799998283386230        2.4289774424192244E-016   8.2809999999999828E-004
           2   2.3999998569488525       -5.7999997138977051        1.7945415096971021E-016   8.1789999999992702E-004
           2   2.4600000381469727       -5.9200000762939444        2.5102567323334073E-016   8.4159999999999791E-004
           2   2.5199999809265137       -6.0399999618530265        3.5722723657618481E-016   5.1588999999999663E-003
           2   2.5799999237060547       -6.1599998474121076        6.2745850840011181E-016   9.3909999999997051E-004
           2   2.6399998664855957       -6.2799997329711923        2.4930470777481347E-016   8.5829999999997852E-004
           2   2.7000000476837158       -6.4000000953674299        5.1041512024169102E-016   8.7470000000000603E-004
           2   2.7599999904632568       -6.5199999809265128        1.8418067907587220E-016   1.6387499999999999E-002
           2   2.8199999332427979       -6.6399998664855957        9.5142508443866424E-017   8.6759999999985737E-004
           2   2.8799998760223389       -6.7599997520446760        3.7161155340651567E-016   9.4229999999995151E-004
           2   2.9399998188018799       -6.8799996376037607        1.5251560249512853E-016   2.1719599999999950E-002
           2   3.0000000000000000       -6.9999999999999982        2.7981936747217273E-016   1.0194000000001147E-003
           3   0.0000000000000000       -2.3722813232690152        7.6651067441711441E-016   1.5940000000000953E-003
           3   5.9999998658895493E-002  -2.4022813225984625        1.1585303239748893E-015   2.5185000000000901E-003
           3  0.11999999731779099       -2.4322813219279098        7.9277023277038633E-016   1.2727000000001265E-003
           3  0.17999999225139618       -2.4622813193947124        1.1173843532017214E-015   8.6831700000000067E-002
           3  0.23999999463558197       -2.4922813205868062        9.0183589803298561E-016   3.1627999999999101E-003
           3  0.29999998211860657       -2.5222813143283167        7.7674969996879701E-016   6.3315999999999928E-003
           3  0.35999998450279236       -2.5522813155204105        1.0265740527546026E-015   2.0242399999999883E-002
           3  0.41999998688697815       -2.5822813167125043        7.4429848011927268E-016   1.6628000000000753E-003
           3  0.47999998927116394       -2.6122813179045972        4.0335512868034294E-016   6.0576000000001073E-003
           3  0.53999996185302734       -2.6422813041955284        4.2274720875105103E-016   2.2595000000000809E-003
           3  0.59999996423721313       -2.6722813053876231        9.1236442068243676E-016   9.4806000000000612E-003
           3  0.65999996662139893       -2.7022813065797142        1.1712897425293598E-015   1.6712800000000083E-002
           3  0.71999996900558472       -2.7322813077718076        9.2343272282683277E-016   1.2202999999999520E-003
           3  0.77999997138977051       -2.7622813089639000        4.1977563266559229E-016   2.6210199999999961E-002
           3  0.83999997377395630       -2.7922813101559925        1.0773120750103648E-015   1.5885999999998290E-003
           3  0.89999997615814209       -2.8222813113480858        6.5278257770650570E-016   3.3661000000000385E-003
           3  0.95999997854232788       -2.8522813125401800        7.4850047437796044E-016   1.2749999999999151E-003
           3   1.0199999809265137       -2.8822813137322725        9.2452190480547630E-016   1.8443000000001319E-003
           3   1.0799999237060547       -2.9122812851220425        5.0710726146977731E-016   6.3428000000000928E-003
           3   1.1399999856948853       -2.9422813161164556        8.4942108826673070E-016   1.4396999999999327E-003
           3   1.1999999284744263       -2.9722812875062270        5.9478245261641676E-016   2.2117100000000001E-002
           3   1.2599999904632568       -3.0022813185006432        7.1772521041188331E-016   1.9357999999998210E-003
           3   1.3199999332427979       -3.0322812898904128        5.8578593046333286E-016   1.3644999999999907E-003
           3   1.3799999952316284       -3.0699999928474444        7.6340508711376819E-016   1.0768600000000017E-002
           3   1.4399999380111694       -3.1599999070167550        7.8925551239248353E-016   1.6405000000000003E-002
           3   1.5000000000000000       -3.2500000000000004        6.7952427672045196E-016   5.0654999999999450E-003
           3   1.5599999427795410       -3.3399999141693106        3.3362813425531176E-016   1.3336999999999932E-003
           3   1.6200000047683716       -3.4300000071525574        6.0495127184944649E-016   1.1750999999999845E-003
           3   1.6799999475479126       -3.5199999213218702        4.8165218085057433E-016   4.1451999999999600E-003
           3   1.7400000095367432       -3.6100000143051130        7.8535280715297232E-016   1.8350699999999831E-002
           3   1.7999999523162842       -3.6999999284744272        7.5677190067450854E-016   5.7899000000001255E-003
           3   1.8600000143051147       -3.7900000214576712        8.9116792067767710E-016   1.3076000000000754E-003
           3   1.9199999570846558       -3.8799999356269836        5.8299987641248368E-016   1.1835000000000040E-003
           3   1.9799998998641968       -3.9699998497962965        5.1163280288436023E-016   4.1352000000001166E-003
           3   2.0399999618530273       -4.0599999427795419        4.0519676030694538E-016   1.3224000000000569E-003
           3   2.0999999046325684       -4.1499998569488525        4.0310095007518353E-016   4.0011999999998160E-003
           3   2.1599998474121094       -4.2399997711181641        3.7170291413534309E-016   1.5248600000000057E-002
           3   2.2200000286102295       -4.3300000429153434        6.1228726111727409E-016   3.3727000000001173E-003
           3   2.2799999713897705       -4.4199999570846558        4.0458120584177280E-016   1.9977700000000098E-002
           3   2.3399999141693115       -4.5099998712539664        3.8537839244528447E-016   1.8489999999999895E-003
           3   2.3999998569488525       -4.5999997854232788        3.1459216272115331E-016   1.3576300000000208E-002
           3   2.4600000381469727       -4.6900000572204572        6.1733805365122904E-016   1.2905999999999196E-003
           3   2.5199999809265137       -4.7799999713897732        9.2669473577807265E-016   1.3918000000001651E-003
           3   2.5799999237060547       -4.8699998855590820        4.4318042375254857E-016   6.2603999999999438E-003
           3   2.6399998664855957       -4.9599997997283927        4.8371797073370540E-016   1.2235000000000440E-003
           3   2.7000000476837158       -5.0500000715255720        5.5197788049593588E-016   5.9814000000000256E-003
           3   2.7599999904632568       -5.1399999856948870        9.8679282777248665E-016   2.1921300000000032E-002
           3   2.8199999332427979       -5.2299998998641950        9.3304388714931974E-016   1.1734000000001021E-003
           3   2.8799998760223389       -5.3199998140335074        5.0299301557985622E-016   1.4679300000000062E-002
           3   2.9399998188018799       -5.4099997282028207        5.6690386572983567E-016   1.5787000000000440E-003
           3   3.0000000000000000       -5.5000000000000000        6.4553072359463111E-016   1.4765000000001027E-003
           4   0.0000000000000000       -2.4262733063370883        6.0268911761248683E-016   8.9571999999999985E-003
           4   5.9999998658895493E-002  -2.4262733063370896        9.9354008947524317E-016   1.1122400000000088E-002
           4  0.11999999731779099       -2.4262733063370887        6.5457767539069727E-016   2.5344599999999939E-002
           4  0.17999999225139618       -2.4262733063370874        9.5225562606030875E-016   2.2828999999999766E-003
           4  0.23999999463558197       -2.4262733063370900        1.2668560036313519E-015   1.0484299999999891E-002
           4  0.29999998211860657       -2.4262733063370878        9.7400087439452095E-016   1.6839800000000071E-002
           4  0.35999998450279236       -2.4262733063370887        8.1183178851424655E-016   7.6700999999999020E-003
           4  0.41999998688697815       -2.4262733063370896        1.1569706066503061E-015   2.8220699999999876E-002
           4  0.47999998927116394       -2.4262733063370878        1.1400155162269877E-015   2.8638000000000829E-003
           4  0.53999996185302734       -2.4262733063370878        6.5995942237972315E-016   3.0576199999999609E-002
           4  0.59999996423721313       -2.4410351846973621        9.5180391714444667E-016   5.3271999999999764E-003
           4  0.65999996662139893       -2.4810351862868201        6.4911039294460816E-016   8.7399999999999700E-003
           4  0.71999996900558472       -2.5210351878762762        7.0547701776358576E-016   3.8401499999999977E-002
           4  0.77999997138977051       -2.5610351894657319        1.2088243715886907E-015   2.2744800000000343E-002
           4  0.83999997377395630       -2.6010351910551925        8.8902989931131476E-016   2.1120000000003358E-003
           4  0.89999997615814209       -2.6410351926446478        1.0128430389730794E-015   1.5064199999999861E-002
           4  0.95999997854232788       -2.6810351942341053        7.5838476482444516E-016   7.0795999999999637E-003
           4   1.0199999809265137       -2.7210351958235606        9.9808338788062225E-016   6.5237000000002432E-003
           4   1.0799999237060547       -2.7610351576765892        1.0575489575486696E-015   9.9623000000002015E-003
           4   1.1399999856948853       -2.8010351990024769        9.2316367629330484E-016   6.6180999999998491E-003
           4   1.1999999284744263       -2.8410351608555033        7.8512832555202386E-016   2.2929000000000421E-003
           4   1.2599999904632568       -2.8810352021813919        7.0515494071456246E-016   2.7805999999999109E-003
           4   1.3199999332427979       -2.9210351640344192        6.4168515114337388E-016   3.7809000000001980E-003
           4   1.3799999952316284       -2.9610352053603033        1.0094092622668296E-015   9.5263000000000986E-003
           4   1.4399999380111694       -3.0010351672133333        5.0993804096670882E-016   1.8737699999999968E-002
           4   1.5000000000000000       -3.0410352085392218        1.3223367083884186E-015   5.2539999999998699E-003
           4   1.5599999427795410       -3.0810351703922461        1.1650659583920571E-015   8.6924999999995478E-003
           4   1.6200000047683716       -3.1600000063578295        7.5717856257680031E-016   2.1086000000001270E-003
           4   1.6799999475479126       -3.2399999300638824        6.0740827031862265E-016   1.2278200000000350E-002
           4   1.7400000095367432       -3.3200000127156581        1.1237083821271912E-015   3.9768999999996169E-003
           4   1.7999999523162842       -3.3999999364217142        1.2384442210092042E-015   2.2270499999999860E-002
           4   1.8600000143051147       -3.4800000190734868        5.2277751209796250E-016   6.4158999999999189E-003
           4   1.9199999570846558       -3.5599999427795406        4.1329714316234275E-016   2.0747999999999323E-003
           4   1.9799998998641968       -3.6399998664855935        1.0260625952525630E-015   4.9080499999999638E-002
           4   2.0399999618530273       -3.7199999491373710        6.6463692652104635E-016   1.0579299999999847E-002
           4   2.0999999046325684       -3.7999998728434257        1.2133391634725486E-015   1.0251299999999741E-002
           4   2.1599998474121094       -3.8799997965494790        6.9701191137138460E-016   2.0348999999999506E-003
           4   2.2200000286102295       -3.9600000381469731        6.8734688041039698E-016   2.3362800000000128E-002
           4   2.2799999713897705       -4.0399999618530282        5.5001142018838884E-016   8.5705999999996507E-003
           4   2.3399999141693115       -4.1199998855590829        1.0602717323734827E-015   9.0794000000000707E-003
           4   2.3999998569488525       -4.1999998092651358        9.5574488001685375E-016   2.4603000000000819E-003
           4   2.4600000381469727       -4.2800000508626317        7.8272452496299197E-016   2.1009999999996865E-003
           4   2.5199999809265137       -4.3599999745686846        5.8824309236377980E-016   9.0281000000000944E-003
           4   2.5799999237060547       -4.4399998982747411        1.2276645727124648E-015   3.7190000000002499E-003
           4   2.6399998664855957       -4.5199998219807949        5.6573893238146082E-016   8.0021999999999593E-003
           4   2.7000000476837158       -4.6000000635782845        8.6593403989513062E-016   2.0155000000001699E-003
           4   2.7599999904632568       -4.6799999872843427        8.4804126250667213E-016   6.2561300000000042E-002
           4   2.8199999332427979       -4.7599999109903974        5.0633780782595324E-016   3.0368500000000243E-002
           4   2.8799998760223389       -4.8399998346964503        6.7873642240432095E-016   2.9582399999999787E-002
           4   2.9399998188018799       -4.9199997584025050        7.3301436706599551E-016   5.2547000000000565E-003
           4   3.0000000000000000       -5.0000000000000000        4.1419266095847191E-016   2.2435000000000649E-003
           5   0.0000000000000000       -2.3019535647677882        4.6715470948725979E-016   5.3836000000000439E-003
           5   5.9999998658895493E-002  -2.3169535644325112        6.5828869395096025E-009   4.0974999999998651E-003
           5  0.11999999731779099       -2.3319535640972338        3.7252074706115229E-009   5.4400000000001114E-003
           5  0.17999999225139618       -2.3469535628306364        2.4568884139887091E-009   6.4882000000001661E-003
           5  0.23999999463558197       -2.3619535634266828        1.1423209121002053E-009   1.0439700000000052E-002
           5  0.29999998211860657       -2.3769535602974403        6.2719942434537225E-010   1.1085699999999754E-002
           5  0.35999998450279236       -2.3919535608934845        3.3922734427863620E-010   2.1633299999999966E-002
           5  0.41999998688697815       -2.4069535614895332        1.9248740208570383E-010   4.7891299999999859E-002
           5  0.47999998927116394       -2.4219535620855801        8.7340506949289108E-010   1.4939299999999989E-002
           5  0.53999996185302734       -2.4369535552310406        3.4303330270411750E-010   6.6172299999999851E-002
           5  0.59999996423721313       -2.4519535558270924        6.0388638230425529E-010   1.4537799999999823E-002
           5  0.65999996662139893       -2.4669535564231406        6.3153367908978363E-010   1.1226999999999876E-002
           5  0.71999996900558472       -2.4819535570191840        8.1724598296053414E-010   1.3319799999999660E-002
           5  0.77999997138977051       -2.4969535576152286        1.9859588067975209E-009   6.9116000000000177E-003
           5  0.83999997377395630       -2.5119535582112773        3.2734574182874570E-009   2.8883500000000062E-002
           5  0.89999997615814209       -2.5269535588073255        9.1156941777921755E-012   1.8773700000000115E-002
           5  0.95999997854232788       -2.5568488752077139        7.4419556971143678E-012   2.0316200000000340E-002
           5   1.0199999809265137       -2.6018488769958563        7.2552751152528394E-009   5.7159999999996103E-003
           5   1.0799999237060547       -2.6468488340805130        3.4828311746775840E-009   1.8335500000000060E-002
           5   1.1399999856948853       -2.6918488805721368        9.2605001447883608E-010   1.3699899999999765E-002
           5   1.1999999284744263       -2.7368488376567934        6.4428195270211190E-010   4.4125500000000262E-002
           5   1.2599999904632568       -2.7818488841484115        3.5898987827585653E-010   9.1532000000000835E-003
           5   1.3199999332427979       -2.8268488412330672        2.9496270238561971E-010   1.1379999999999946E-002
           5   1.3799999952316284       -2.8718488877246950        4.2539139726439000E-010   8.2949999999999413E-003
           5   1.4399999380111694       -2.9168488448093486        4.6660827525297093E-010   8.2027000000000072E-003
           5   1.5000000000000000       -2.9618488913009684        5.0567882111255541E-010   8.3169999999999078E-003
           5   1.5599999427795410       -3.0068488483856273        4.4977550923684687E-010   9.6680999999998463E-003
           5   1.6200000047683716       -3.0518488948772493        4.8161047815577066E-010   2.3715600000000059E-002
           5   1.6799999475479126       -3.0999999344348934        5.5844392203477261E-013   8.2223000000003488E-003
           5   1.7400000095367432       -3.1750000119209272        3.9867366538623231E-010   4.3773000000002504E-003
           5   1.7999999523162842       -3.2499999403953539        1.4026420607686659E-010   9.7739999999997274E-003
           5   1.8600000143051147       -3.3250000178813930        6.1870335046279988E-011   1.2383199999999928E-002
           5   1.9199999570846558       -3.3999999463558224        2.8699920994857581E-011   4.5247000000001592E-003
           5   1.9799998998641968       -3.4749998748302442        1.3591023560373954E-011   4.1224200000000266E-002
           5   2.0399999618530273       -3.5499999523162864        1.0212487617927078E-011   1.3682300000000147E-002
           5   2.0999999046325684       -3.6249998807907118        4.9283298735600165E-012   1.7840800000000101E-002
           5   2.1599998474121094       -3.6999998092651358        2.0877111031047469E-012   7.3748000000000147E-003
           5   2.2200000286102295       -3.7750000357627869        1.1841234055387458E-012   1.7605899999999508E-002
           5   2.2799999713897705       -3.8499999642372140        6.7594862708788755E-013   1.2865500000000196E-002
           5   2.3399999141693115       -3.9249998927116385        3.2360466889232472E-013   2.9557699999999798E-002
           5   2.3999998569488525       -3.9999998211860639        8.2393531506700670E-009   3.2141600000000103E-002
           5   2.4600000381469727       -4.0750000476837158        4.2705137370283856E-009   8.0222699999999314E-002
           5   2.5199999809265137       -4.1499999761581448        3.3657246608441956E-009   1.3129399999999514E-002
           5   2.5799999237060547       -4.2249999046325684        2.4777984172252610E-009   4.2979000000000767E-003
           5   2.6399998664855957       -4.2999998331069937        2.5839192213796402E-009  0.18855900000000059     
           5   2.7000000476837158       -4.3750000596046448        2.5568196507608380E-009   1.9003300000000500E-002
           5   2.7599999904632568       -4.4499999880790693        2.2319596739648373E-009   1.3328200000000123E-002
           5   2.8199999332427979       -4.5249999165534938        1.8864414090988006E-009   2.3602399999999690E-002
           5   2.8799998760223389       -4.5999998450279183        1.7010084933758178E-009   1.7433600000000382E-002
           5   2.9399998188018799       -4.6749997735023516        1.4954275882024853E-009   2.9634999999998968E-003
           5   3.0000000000000000       -4.7499999999999991        1.4767094627905629E-009   3.2928500000000582E-002
           6   0.0000000000000000       -2.3254399735551168        8.1781493850940901E-011   1.0129499999999680E-002
           6   5.9999998658895493E-002  -2.3254399735551128        6.8817392785391603E-010   1.3820499999999569E-002
           6  0.11999999731779099       -2.3254399735551172        1.7529700708084194E-009   1.2703499999999757E-002
           6  0.17999999225139618       -2.3254399735551190        1.8927944832080936E-009   1.0171500000000222E-002
           6  0.23999999463558197       -2.3254399735551150        2.0616733950684346E-009   4.9650699999999937E-002
           6  0.29999998211860657       -2.3254399735551186        3.5333615205243221E-009   1.2978399999999723E-002
           6  0.35999998450279236       -2.3254399735551141        4.5086634555128055E-011   1.8480199999999947E-002
           6  0.41999998688697815       -2.3311695194619992        1.3601128636420187E-010   5.8527500000000288E-002
           6  0.47999998927116394       -2.3551695204156724        4.2469857483231176E-011   1.5252000000000265E-002
           6  0.53999996185302734       -2.3791695094484178        4.4613658816232606E-009   1.3185599999999909E-002
           6  0.59999996423721313       -2.4031695104020940        2.0973898272613024E-009   1.0263300000000086E-002
           6  0.65999996662139893       -2.4271695113557685        1.2830671345892605E-009   1.1780900000000649E-002
           6  0.71999996900558472       -2.4511695123094457        2.5062164272888664E-009   5.1306300000000249E-002
           6  0.77999997138977051       -2.4751695132631175        4.8533793772054391E-009   1.9712900000000033E-002
           6  0.83999997377395630       -2.4991695142167876        1.3714854946984888E-009   3.3368900000000146E-002
           6  0.89999997615814209       -2.5231695151704621        2.9999249796286467E-009   1.3373099999999916E-002
           6  0.95999997854232788       -2.5471695161241432        9.6027819228433735E-009   1.0067799999999849E-002
           6   1.0199999809265137       -2.5711695170778102        4.2958441593709891E-011   3.1979699999999944E-002
           6   1.0799999237060547       -2.5951694941896286        8.0943135336742230E-011   4.9072699999999969E-002
           6   1.1399999856948853       -2.6191695189851627        1.9125646191013505E-010   1.0059800000000507E-002
           6   1.1999999284744263       -2.6586272415778263        1.2041361815163620E-010   1.0397300000000165E-002
           6   1.2599999904632568       -2.7066272911688891        5.4333466116210577E-011   1.0074499999999986E-002
           6   1.3199999332427979       -2.7546272453925242        8.8727119077344252E-009   6.0445000000006743E-003
           6   1.3799999952316284       -2.8026272949835858        8.2253646108575144E-009   9.6318999999995825E-003
           6   1.4399999380111694       -2.8506272492072222        3.1052529352667742E-009   5.5770000000006092E-003
           6   1.5000000000000000       -2.8986272987982877        6.6886585840092396E-009   1.1857000000000006E-002
           6   1.5599999427795410       -2.9466272530219233        9.0750894447523660E-009   1.5646800000000738E-002
           6   1.6200000047683716       -2.9946273026129839        7.9890925222977909E-009   8.0393000000000825E-003
           6   1.6799999475479126       -3.0426272568366155        5.1571422634629676E-009   6.9957200000000164E-002
           6   1.7400000095367432       -3.0906273064276801        1.8760349493341813E-011   2.9919999999999725E-002
           6   1.7999999523162842       -3.1599999427795362        2.5145967914493560E-009   9.9407000000004686E-003
           6   1.8600000143051147       -3.2320000171661389        9.3743613175511094E-010   6.8505999999999290E-003
           6   1.9199999570846558       -3.3039999485015890        5.2853038181220101E-010   1.7526900000000012E-002
           6   1.9799998998641968       -3.3759998798370332        1.3390091822359279E-010   5.2379000000000175E-003
           6   2.0399999618530273       -3.4479999542236328        6.4614224119590586E-011   1.1257099999999909E-002
           6   2.0999999046325684       -3.5199998855590855        3.2441292179301352E-011   1.2287000000000603E-002
           6   2.1599998474121094       -3.5919998168945297        1.6615333683599824E-011   1.1881100000000089E-002
           6   2.2200000286102295       -3.6640000343322776        8.5210629298447877E-012   1.0342399999999863E-002
           6   2.2799999713897705       -3.7359999656677205        8.4372702594216871E-009   6.6809499999999744E-002
           6   2.3399999141693115       -3.8079998970031710        5.6533091541827648E-009   3.4340100000000540E-002
           6   2.3999998569488525       -3.8799998283386272        2.6510305318630781E-009   1.5731799999999296E-002
           6   2.4600000381469727       -3.9520000457763631        1.7713373305384546E-009   1.1404499999999373E-002
           6   2.5199999809265137       -4.0239999771118153        1.5795981997684337E-009   1.0002499999999692E-002
           6   2.5799999237060547       -4.0959999084472676        1.0584874698912789E-009   1.4557499999999557E-002
           6   2.6399998664855957       -4.1679998397827163        7.7903874027860488E-010   8.0714000000000397E-002
           6   2.7000000476837158       -4.2400000572204579        5.5487297782734457E-010   2.9826700000000095E-002
           6   2.7599999904632568       -4.3119999885559022        3.9485695243528050E-010   1.1363499999999860E-002
           6   2.8199999332427979       -4.3839999198913633        2.5645885922508815E-010   4.7667000000002346E-003
           6   2.8799998760223389       -4.4559998512268129        1.9686737694899105E-010   5.5480999999995007E-003
           6   2.9399998188018799       -4.5279997825622500        1.5954829483761239E-010   8.7442000000006459E-003
           6   3.0000000000000000       -4.6000000000000032        1.2799135008894369E-010   8.6086000000005214E-003
           7   0.0000000000000000       -2.2720678868190904        2.3942635007464228E-009  0.11547620000000069     
           7   5.9999998658895493E-002  -2.2820678865955668        4.6176648525556078E-009   3.1294199999999606E-002
           7  0.11999999731779099       -2.2920678863720521        2.3056424382564902E-009   2.0211999999999897E-002
           7  0.17999999225139618       -2.3020678855276571        1.9717165359843440E-009   1.8970500000000001E-002
           7  0.23999999463558197       -2.3120678859250128        1.1269573059573576E-009   1.5530899999999903E-002
           7  0.29999998211860657       -2.3220678838388582        4.3603458322477176E-010   2.5197499999999984E-002
           7  0.35999998450279236       -2.3320678842362228        6.8785813857848901E-010   2.9577999999999882E-002
           7  0.41999998688697815       -2.3420678846335821        1.3645772859636605E-009   1.5290600000000154E-002
           7  0.47999998927116394       -2.3520678850309484        2.3635251564237991E-009   1.4623900000000134E-002
           7  0.53999996185302734       -2.3620678804612583        3.5280488857163342E-009   3.3238900000000626E-002
           7  0.59999996423721313       -2.3720678808586206        3.8134219525305489E-011   2.7698899999999860E-002
           7  0.65999996662139893       -2.3820678812559843        4.3747070319689782E-010   6.4110300000000287E-002
           7  0.71999996900558472       -2.3996923731321145        1.6430206093518939E-009   3.0585900000000166E-002
           7  0.77999997138977051       -2.4296923743242087        1.7892461424200981E-010   4.6752399999999916E-002
           7  0.83999997377395630       -2.4596923755163020        2.5648835687827206E-010   4.1000900000000229E-002
           7  0.89999997615814209       -2.4896923767083945        9.2775591699073684E-009   1.3316999999999801E-002
           7  0.95999997854232788       -2.5196923779004856        2.2483923201544630E-010   2.2505999999999915E-002
           7   1.0199999809265137       -2.5496923790925736        1.9258676072258271E-010   3.6394399999999827E-002
           7   1.0799999237060547       -2.5796923504823481        5.6753659587096529E-011   1.6014900000000054E-002
           7   1.1399999856948853       -2.6096923814767643        9.8481918310040865E-011   1.3048400000000626E-002
           7   1.1999999284744263       -2.6396923528665313        3.4455876737569728E-010   4.3121499999999813E-002
           7   1.2599999904632568       -2.6696923838609492        1.4861497996887076E-009   1.5142399999999334E-002
           7   1.3199999332427979       -2.6996923552507184        3.9422638307802348E-010  0.24410080000000001     
           7   1.3799999952316284       -2.7489877685267068        2.1033564910303295E-009   5.1247099999999435E-002
           7   1.4399999380111694       -2.7989877208429932        1.2480185311994878E-009  0.26118370000000013     
           7   1.5000000000000000       -2.8489877725003567        6.3491121418873069E-010   5.3079000000000320E-002
           7   1.5599999427795410       -2.8989877248166351        2.2969576129773164E-010   4.1631199999999424E-002
           7   1.6200000047683716       -2.9489877764739956        1.5352384559940738E-010   4.4365300000000829E-002
           7   1.6799999475479126       -2.9989877287902824        8.9151880356774614E-011   2.9723999999999862E-002
           7   1.7400000095367432       -3.0489877804476397        1.3414170860483686E-010   1.0259899999999433E-002
           7   1.7999999523162842       -3.0999999443689972        1.5040074483609746E-009   2.0031900000001102E-002
           7   1.8600000143051147       -3.1700000166893001        8.8107241835968001E-009   1.0225699999999449E-002
           7   1.9199999570846558       -3.2399999499320971        2.0117542950006225E-009   2.0088699999998738E-002
           7   1.9799998998641968       -3.3099998831749011        4.1202281878524545E-010   1.9309500000000313E-002
           7   2.0399999618530273       -3.3799999554952009        1.1205770763572811E-010  0.24549610000000044     
           7   2.0999999046325684       -3.4499998887380001        4.1932699923524172E-011   1.0095899999999602E-002
           7   2.1599998474121094       -3.5199998219807944        9.4248760077006365E-009   1.0744599999998883E-002
           7   2.2200000286102295       -3.5900000333786042        3.9872557383204968E-009   6.5086000000000865E-003
           7   2.2799999713897705       -3.6599999666213971        1.2368159063132232E-009   1.2267399999998929E-002
           7   2.3399999141693115       -3.7299998998641968        9.7302127556342209E-010   1.0556700000000419E-002
           7   2.3999998569488525       -3.7999998331069906        6.7920843449345851E-010   1.3639899999999372E-002
           7   2.4600000381469727       -3.8700000445047986        4.7571306160474475E-010   2.1378300000000294E-002
           7   2.5199999809265137       -3.9399999777475991        2.8585049198288512E-010   3.1888699999999659E-002
           7   2.5799999237060547       -4.0099999109903921        1.7044754245628483E-010   1.0268800000000411E-002
           7   2.6399998664855957       -4.0799998442331971        1.0752934601648389E-010   8.8840000000001140E-003
           7   2.7000000476837158       -4.1500000556310006        6.4034995276866727E-011   8.3545999999987686E-003
           7   2.7599999904632568       -4.2199999888738011        4.3505480497298860E-011   7.9877000000010412E-003
           7   2.8199999332427979       -4.2899999221165981        3.2286400576753332E-011   1.3003300000001161E-002
           7   2.8799998760223389       -4.3599998553593942        2.3258697443904159E-011   9.6772000000004965E-003
           7   2.9399998188018799       -4.4299997886021893        1.5284537345008600E-011   1.3964700000000718E-002
           7   3.0000000000000000       -4.4999999999999991        8.9471837337034546E-012   3.4983699999999729E-002
           8   0.0000000000000000       -2.2851408113627398        6.5724640218598167E-009  0.14993979999999851     
           8   5.9999998658895493E-002  -2.2851408113627447        4.3090241912561763E-010   5.0044799999998446E-002
           8  0.11999999731779099       -2.2851408113627412        1.3189795173564065E-009   2.0625600000000688E-002
           8  0.17999999225139618       -2.2851408113627465        1.1919226207830346E-009   1.6592499999999788E-002
           8  0.23999999463558197       -2.2851408113627416        3.1038754692780046E-009   2.5280200000000974E-002
           8  0.29999998211860657       -2.2851408113627416        6.1426903356153398E-010   2.1221600000000507E-002
           8  0.35999998450279236       -2.2987117345069090        7.0996873408806889E-009   1.2847500000001233E-002
           8  0.41999998688697815       -2.3158545923309632        7.5911882545380613E-009   1.6656299999999291E-002
           8  0.47999998927116394       -2.3329974501550219        2.4828516605274297E-009   3.0663499999999289E-002
           8  0.53999996185302734       -2.3501402994641198        8.6780772639372553E-010   1.9037400000000204E-002
           8  0.59999996423721313       -2.3672831572881692        1.6483336015871453E-009   3.1311800000001000E-002
           8  0.65999996662139893       -2.3844260151122256        2.4106788813704834E-009   1.8920700000000679E-002
           8  0.71999996900558472       -2.4015688729362843        6.7433005787985921E-010   1.0638500000000661E-002
           8  0.77999997138977051       -2.4187117307603323        5.7457348128115227E-009   1.5702599999999123E-002
           8  0.83999997377395630       -2.4358545885843812        4.6431096283268581E-010   1.9473800000000097E-002
           8  0.89999997615814209       -2.4529974464084399        5.2518587853951735E-009   1.6567000000000220E-002
           8  0.95999997854232788       -2.4835683399802426        2.5794761870919449E-009   1.7682299999998818E-002
           8   1.0199999809265137       -2.5178540556283506        7.1969160459572151E-010   3.8502299999999323E-002
           8   1.0799999237060547       -2.5521397372166557        2.6129500215414316E-010   1.8098800000000637E-002
           8   1.1399999856948853       -2.5864254869245649        4.8454896868656562E-010   5.8588000000000306E-002
           8   1.1999999284744263       -2.6207111685128708        7.3711206608255483E-009   2.5106400000000306E-002
           8   1.2599999904632568       -2.6549969182207676        1.7099399202620827E-009   1.5807199999999355E-002
           8   1.3199999332427979       -2.6892825998090824        1.2064115401564124E-009   2.5555199999999445E-002
           8   1.3799999952316284       -2.7235683495169893        2.7878820247052043E-009   6.3167599999999879E-002
           8   1.4399999380111694       -2.7581224678710456        6.6344389706928372E-009   6.0109299999998811E-002
           8   1.5000000000000000       -2.8095510924328981        8.3043793426853448E-009   2.6136799999999738E-002
           8   1.5599999427795410       -2.8609796148153590        3.1163711052581886E-009   1.8998299999999801E-002
           8   1.6200000047683716       -2.9124082393772199        1.1474873001428678E-009   3.5881500000000344E-002
           8   1.6799999475479126       -2.9638367617596795        8.5789610692052802E-010   2.0584799999999959E-002
           8   1.7400000095367432       -3.0152653863215306        6.3092534210887188E-010   1.7934800000000806E-002
           8   1.7999999523162842       -3.0666939087039964        1.0393193509007580E-009   3.5436999999999941E-002
           8   1.8600000143051147       -3.1257143020629887        5.3335531642276139E-009   3.7755999999999901E-002
           8   1.9199999570846558       -3.1942856652396077        4.3679772696482127E-010   1.9855099999999126E-002
           8   1.9799998998641968       -3.2628570284162248        1.5045027218827911E-010   2.0515500000000131E-002
           8   2.0399999618530273       -3.3314285278320290        6.0148812334537265E-009   2.7853600000000256E-002
           8   2.0999999046325684       -3.3999998910086506        1.9369369724180364E-009   1.5609200000000101E-002
           8   2.1599998474121094       -3.4685712541852682        8.4249773619044895E-010   1.2447999999999126E-002
           8   2.2200000286102295       -3.5371428898402604        2.9901890754168831E-010   5.8038399999999157E-002
           8   2.2799999713897705       -3.6057142530168753        7.8594301917345036E-011   1.5109999999999957E-002
           8   2.3399999141693115       -3.6742856161934938        7.8002279216993085E-009   1.8674900000000605E-002
           8   2.3999998569488525       -3.7428569793701181        3.6363036725909352E-009   1.2832899999999370E-002
           8   2.4600000381469727       -3.8114286150251071        2.3399913318616992E-009   7.2770000000002000E-003
           8   2.5199999809265137       -3.8799999782017296        1.3875122391234592E-009   2.7644199999999230E-002
           8   2.5799999237060547       -3.9485713413783494        9.1105402995051096E-010   1.8534100000000109E-002
           8   2.6399998664855957       -4.0171427045549635        6.5653599464185668E-010   5.9573600000000226E-002
           8   2.7000000476837158       -4.0857143402099574        4.3745460106233208E-010   1.1086600000000502E-002
           8   2.7599999904632568       -4.1542857033865754        2.6267339458908610E-010   1.6076299999999932E-002
           8   2.8199999332427979       -4.2228570665631961        1.1545158036776773E-010   1.8523000000000067E-002
           8   2.8799998760223389       -4.2914284297398115        5.3464885498475133E-011   1.2849199999999783E-002
           8   2.9399998188018799       -4.3599997929164376        6.6975867113534943E-011   1.7031499999999866E-002
           8   3.0000000000000000       -4.4285714285714297        5.5637022772455068E-011   1.0607900000000114E-002
           9   0.0000000000000000       -2.2554177000065709        2.2655533644284700E-010   1.8817999999999557E-002
           9   5.9999998658895493E-002  -2.2629176998389298        1.2933083294524781E-009   4.1291799999999768E-002
           9  0.11999999731779099       -2.2704176996712953        1.3271681125546966E-009   4.0626299999999560E-002
           9  0.17999999225139618       -2.2779176990379897        6.2347471977217549E-010   4.0169499999999303E-002
           9  0.23999999463558197       -2.2854176993360173        4.8747383716914831E-009   2.6547700000000063E-002
           9  0.29999998211860657       -2.2929176977713999        4.3979893447154589E-009   2.2396500000001041E-002
           9  0.35999998450279236       -2.3004176980694182        6.4597632566747545E-010   2.0588899999999910E-002
           9  0.41999998688697815       -2.3079176983674383        1.4469065734332517E-009   3.6701400000000106E-002
           9  0.47999998927116394       -2.3154176986654567        1.9793188596197629E-009   1.7439700000000613E-002
           9  0.53999996185302734       -2.3229176952381962        6.4356998972359102E-010   2.5520800000000676E-002
           9  0.59999996423721313       -2.3413532715881762        3.0471692556564074E-010   2.1469500000000252E-002
           9  0.65999996662139893       -2.3638532724822525        4.1254065258729020E-009   1.9001900000001015E-002
           9  0.71999996900558472       -2.3863532733763182        1.6633853034339840E-009   4.1838099999999656E-002
           9  0.77999997138977051       -2.4088532742703892        3.3097823089658591E-009   1.8541100000000199E-002
           9  0.83999997377395630       -2.4313532751644527        5.1559314565574160E-009   1.4217600000000274E-002
           9  0.89999997615814209       -2.4538532760585219        2.4795529455052531E-009   5.6399700000000053E-002
           9  0.95999997854232788       -2.4763532769525929        6.0298464801038987E-010   4.2993799999999638E-002
           9   1.0199999809265137       -2.4988532778466679        2.3905549086835862E-009   1.9362199999999774E-002
           9   1.0799999237060547       -2.5219779876400032        6.8723112489244735E-010   2.7802899999999298E-002
           9   1.1399999856948853       -2.5594780263830268        2.6182724144164104E-009   4.6382400000000601E-002
           9   1.1999999284744263       -2.5969779906202399        1.6184726413247863E-009   3.6283499999999691E-002
           9   1.2599999904632568       -2.6344780293632568        1.2536547092060764E-009   3.1441899999999023E-002
           9   1.3199999332427979       -2.6719779936004691        2.2133769171716544E-009   3.4930600000000922E-002
           9   1.3799999952316284       -2.7094780323434904        2.5150045615576416E-009   2.8679200000000904E-002
           9   1.4399999380111694       -2.7469779965807035        9.3161066026123784E-009   3.6004700000001222E-002
           9   1.5000000000000000       -2.7844780353237231        3.4536829434589822E-010  0.19980939999999947     
           9   1.5599999427795410       -2.8301857980591678        3.0273284781090577E-009  0.10385909999999932     
           9   1.6200000047683716       -2.8826858522993959        9.0980220937488185E-010   4.8493300000000517E-002
           9   1.6799999475479126       -2.9351858022314925        5.9809210688841740E-009   3.5056100000000257E-002
           9   1.7400000095367432       -2.9876858564717206        4.5353818592213969E-009  0.15764159999999983     
           9   1.7999999523162842       -3.0401858064038185        1.1416954273409675E-009  0.10101229999999894     
           9   1.8600000143051147       -3.0926858606440470        9.0313833578771931E-010   3.9075200000000976E-002
           9   1.9199999570846558       -3.1599999517202360        2.8077391637237920E-010   2.0540500000000961E-002
           9   1.9799998998641968       -3.2274998873472240        5.0125117722028741E-009   4.4683900000000776E-002
           9   2.0399999618530273       -3.2949999570846580        1.3155792671644255E-009   5.8761300000000460E-002
           9   2.0999999046325684       -3.3624998927116385        9.8373038090188213E-009   2.8259300000000209E-002
           9   2.1599998474121094       -3.4299998283386235        5.3186763214551292E-009   2.6345700000000249E-002
           9   2.2200000286102295       -3.4975000321865051        1.8845301447248053E-009   3.3767799999999681E-002
           9   2.2799999713897705       -3.5649999678134940        7.3443749664639031E-010   1.9989299999998877E-002
           9   2.3399999141693115       -3.6324999034404759        5.2116777998358119E-010   3.1313400000000158E-002
           9   2.3999998569488525       -3.6999998390674631        2.7767895349205586E-010   1.6079599999997640E-002
           9   2.4600000381469727       -3.7675000429153425        1.2682404453945032E-010   1.7537600000000708E-002
           9   2.5199999809265137       -3.8349999785423270        9.1147406682909090E-009   1.4801000000002063E-002
           9   2.5799999237060547       -3.9024999141693093        4.2577611185157572E-009   1.8208200000000119E-002
           9   2.6399998664855957       -3.9699998497962929        2.5230174339606013E-009   3.8411599999999879E-002
           9   2.7000000476837158       -4.0375000536441847        1.3792402044391356E-009   1.0509200000001329E-002
           9   2.7599999904632568       -4.1049999892711604        1.1114706522227680E-009   1.9854500000000996E-002
           9   2.8199999332427979       -4.1724999248981502        6.2964279756031451E-010   3.0035099999999204E-002
           9   2.8799998760223389       -4.2399998605251348        3.1967057633897568E-010   1.6867900000001157E-002
           9   2.9399998188018799       -4.3074997961521166        1.9572756374148951E-010  0.21383750000000035     
           9   3.0000000000000000       -4.3750000000000062        1.3096771552851138E-010   2.1122200000000646E-002
          10   0.0000000000000000       -2.2637348934765811        3.4294169340781842E-010   2.5965200000001687E-002
          10   5.9999998658895493E-002  -2.2637348934765842        8.0193501828290007E-009  0.17311040000000233     
          10  0.11999999731779099       -2.2637348934765766        4.0491626030386348E-010   3.3768599999998372E-002
          10  0.17999999225139618       -2.2637348934765793        1.5947952657134689E-009   4.4291600000001097E-002
          10  0.23999999463558197       -2.2637348934765824        5.1081579584345060E-009   3.0356799999999851E-002
          10  0.29999998211860657       -2.2739291321592887        4.1544539705747201E-009   3.1129899999999822E-002
          10  0.35999998450279236       -2.2872624660224359        2.4703040936455833E-009   2.4050100000000185E-002
          10  0.41999998688697815       -2.3005957998856017        5.3603444279353419E-010   3.4464299999999781E-002
          10  0.47999998927116394       -2.3139291337487480        5.9000406883741755E-009   3.0608300000000810E-002
          10  0.53999996185302734       -2.3272624609891626        5.8222627196204521E-009   3.2024900000003242E-002
          10  0.59999996423721313       -2.3405957948523177        9.2730495821697296E-010   3.1838000000000477E-002
          10  0.65999996662139893       -2.3539291287154649        1.8604552075005383E-009   3.3063500000000801E-002
          10  0.71999996900558472       -2.3672624625786174        5.4945073139262106E-010   4.3469099999999372E-002
          10  0.77999997138977051       -2.3873703491398262        1.8457063981632611E-009   3.6410300000000007E-002
          10  0.83999997377395630       -2.4140370168661245        6.4057399678341789E-009   2.7963999999997213E-002
          10  0.89999997615814209       -2.4407036845924370        3.7183721157978706E-009   3.1233100000001457E-002
          10  0.95999997854232788       -2.4673703523187367        4.6809748234009438E-009   2.9385099999998943E-002
          10   1.0199999809265137       -2.4940370200450444        5.6226184510210520E-009   5.1359500000000224E-002
          10   1.0799999237060547       -2.5207036612803959        4.1568100932204156E-009   3.8810600000001472E-002
          10   1.1399999856948853       -2.5473703554976521        4.8181837932141390E-009   9.7906199999997057E-002
          10   1.1999999284744263       -2.5740369967330068        1.2585664908332850E-009  0.24937860000000001     
          10   1.2599999904632568       -2.6127107849369184        1.0969462945364409E-009   3.7203899999997958E-002
          10   1.3199999332427979       -2.6527107467899476        8.1196743609070601E-009   3.3729999999998483E-002
          10   1.3799999952316284       -2.6927107881158414        6.8433785281190596E-010  0.10336320000000043     
          10   1.4399999380111694       -2.7327107499688634        7.4141994918109998E-009   4.2591299999998000E-002
          10   1.5000000000000000       -2.7727107912947502        2.3778919519133810E-009   8.9378799999998648E-002
          10   1.5599999427795410       -2.8127107531477731        5.1146128782962801E-009  0.13165539999999964     
          10   1.6200000047683716       -2.8581715691758252        2.2515264599779113E-009   5.7560699999999798E-002
          10   1.6799999475479126       -2.9115048516465305        4.8168309508436226E-009   3.7929900000001737E-002
          10   1.7400000095367432       -2.9648382400810407        1.6210836894286951E-009   4.0131200000001144E-002
          10   1.7999999523162842       -3.0181715225517429        9.4773402002420652E-010   8.0674699999999433E-002
          10   1.8600000143051147       -3.0715049109862651        9.9365709846874149E-009   8.2792900000001168E-002
          10   1.9199999570846558       -3.1333332856496203        6.2849276263148344E-009   4.5137400000001549E-002
          10   1.9799998998641968       -3.1999998887379921        8.5285196288086612E-010   3.1333199999998840E-002
          10   2.0399999618530273       -3.2666666242811400        5.1956493264019025E-009  0.14952309999999969     
          10   2.0999999046325684       -3.3333332273695171        4.1171347833750445E-010   4.9855399999998440E-002
          10   2.1599998474121094       -3.3999998304578947        9.3408124926077967E-009   2.7444599999999042E-002
          10   2.2200000286102295       -3.4666666984558128        4.8975754540681435E-009   4.0343499999998755E-002
          10   2.2799999713897705       -3.5333333015441926        1.6005485059715580E-009  0.21063610000000210     
          10   2.3399999141693115       -3.5999999046325715        4.2655176908693727E-010   7.3980899999998684E-002
          10   2.3999998569488525       -3.6666665077209482        8.4185128658447954E-009   3.0145399999998546E-002
          10   2.4600000381469727       -3.7333333757188560        3.3725086458134011E-009   2.5566899999997617E-002
          10   2.5199999809265137       -3.7999999788072367        1.3881455543340075E-009   2.1301099999998740E-002
          10   2.5799999237060547       -3.8666665818956147        7.9357589339429589E-010   1.9415699999999703E-002
          10   2.6399998664855957       -3.9333331849839968        4.2870928578674097E-010   2.0286099999999863E-002
          10   2.7000000476837158       -4.0000000529819086        3.6400450819690076E-010   2.4174000000002138E-002
          10   2.7599999904632568       -4.0666666560702902        3.0470581579483552E-010   3.1120399999998938E-002
          10   2.8199999332427979       -4.1333332591586629        1.9949395437286502E-010   4.0154499999999871E-002
          10   2.8799998760223389       -4.1999998622470498        6.7103867028290638E-009   1.9873099999998090E-002
          10   2.9399998188018799       -4.2666664653354198        4.7845020942461784E-009   3.1653500000000889E-002
          10   3.0000000000000000       -4.3333333333333268        4.3026165415598170E-009   1.6690600000000444E-002
          11   0.0000000000000000       -2.2447804773305702        1.8900391927005062E-009   4.5789700000000266E-002
          11   5.9999998658895493E-002  -2.2507804771964564        1.6584106377919599E-009   5.0995899999996652E-002
          11  0.11999999731779099       -2.2567804770623443        4.6531333764506302E-009   4.7873199999997951E-002
          11  0.17999999225139618       -2.2627804765557080        6.9435379133392733E-009   4.3231699999999762E-002
          11  0.23999999463558197       -2.2687804767941286        1.6933784324519063E-009   5.5820900000000506E-002
          11  0.29999998211860657       -2.2747804755424319        7.2370551586666781E-009   4.5965500000001214E-002
          11  0.35999998450279236       -2.2807804757808512        1.4583257585053959E-009   5.2941300000000524E-002
          11  0.41999998688697815       -2.2867804760192660        2.2216078368086756E-009   4.8649199999999837E-002
          11  0.47999998927116394       -2.2963007000189863        7.8276821208492845E-010   5.9950100000001783E-002
          11  0.53999996185302734       -2.3143006917935489        5.3157256338237739E-009   4.9487100000000339E-002
          11  0.59999996423721313       -2.3323006925087988        1.2546324504199480E-009   5.0450499999996623E-002
          11  0.65999996662139893       -2.3503006932240571        9.0861905566306316E-009   4.6902400000000455E-002
          11  0.71999996900558472       -2.3683006939393132        5.7977986530713691E-009   5.0357699999999284E-002
          11  0.77999997138977051       -2.3863006946545680        1.3905297742410743E-009   4.9509899999996776E-002
          11  0.83999997377395630       -2.4043006953698240        4.7803341140512743E-009   5.1355499999999665E-002
          11  0.89999997615814209       -2.4223006960850810        1.6217552162995751E-009  0.10650220000000132     
          11  0.95999997854232788       -2.4512518802747545        2.3785249783588840E-009   7.3291000000004658E-002
          11   1.0199999809265137       -2.4812518814668540        4.4084884905492436E-010  0.11665040000000459     
          11   1.0799999237060547       -2.5112518528566241        7.4913855498238125E-009   6.4457199999999659E-002
          11   1.1399999856948853       -2.5412518838510438        9.7172684363698277E-009   4.8072300000001178E-002
          11   1.1999999284744263       -2.5712518552408072        6.7162723188013863E-009   6.7567699999997899E-002
          11   1.2599999904632568       -2.6012518862352194        2.6698511858268932E-009  0.11768480000000636     
          11   1.3199999332427979       -2.6335688002389519        6.7131327034085081E-009   6.9146099999997546E-002
          11   1.3799999952316284       -2.6755688436311367        2.3690594381980281E-009   6.6062200000004623E-002
          11   1.4399999380111694       -2.7175688035768202        3.5518374208872270E-009   6.4116099999999676E-002
          11   1.5000000000000000       -2.7595688469690005        9.4736425261681477E-009   5.9388899999994749E-002
          11   1.5599999427795410       -2.8015688069146778        2.2226274381477908E-009   5.2717400000005910E-002
          11   1.6200000047683716       -2.8435688503068577        3.3464909411177937E-009   9.1712200000003463E-002
          11   1.6799999475479126       -2.8916653960404157        1.5969698189040506E-009   6.6594199999997272E-002
          11   1.7400000095367432       -2.9456654518303642        6.9726035890080750E-009   6.4711299999999028E-002
          11   1.7999999523162842       -2.9996654003319567        1.0762981147413690E-009  0.10732409999999959     
          11   1.8600000143051147       -3.0536654561219003        3.5527097047389414E-009   9.9208099999998467E-002
          11   1.9199999570846558       -3.1119999527931217        8.5004223393416701E-009   5.2347099999998647E-002
          11   1.9799998998641968       -3.1779998898506179        4.1196700971184772E-009   4.9004099999997663E-002
          11   2.0399999618530273       -3.2439999580383310        7.8671017993228017E-009   5.0482699999996328E-002
          11   2.0999999046325684       -3.3099998950958267        2.9469757403998386E-009   4.4310200000005295E-002
          11   2.1599998474121094       -3.3759998321533145        6.1225593195653318E-010   4.3032199999998966E-002
          11   2.2200000286102295       -3.4420000314712538        4.0393913536216652E-009   4.0039499999998895E-002
          11   2.2799999713897705       -3.5079999685287455        8.6030998705067755E-010   3.6474900000001753E-002
          11   2.3399999141693115       -3.5739999055862399        4.2592625790565865E-010   4.5222200000004875E-002
          11   2.3999998569488525       -3.6399998426437348        3.8951072021811724E-009   4.2174400000000389E-002
          11   2.4600000381469727       -3.7060000419616701        1.5424933912506867E-009   7.8989599999992777E-002
          11   2.5199999809265137       -3.7719999790191694        1.1913326187119519E-009   4.2232300000009104E-002
          11   2.5799999237060547       -3.8379999160766589        7.4894506722528255E-010   4.5600600000000213E-002
          11   2.6399998664855957       -3.9039998531341582        2.9764923846149150E-010   7.7263100000010354E-002
          11   2.7000000476837158       -3.9700000524520904        8.1691186142665528E-009   7.0301700000001688E-002
          11   2.7599999904632568       -4.0359999895095875        5.2244023496315781E-009   2.9971299999999701E-002
          11   2.8199999332427979       -4.1019999265670819        3.4095224783999237E-009   4.0106800000003773E-002
          11   2.8799998760223389       -4.1679998636245763        2.1444671184697710E-009   3.9246199999993792E-002
          11   2.9399998188018799       -4.2339998006820680        1.2698199688360820E-009   3.6344199999987836E-002
          11   3.0000000000000000       -4.2999999999999883        7.4231656374681287E-010   5.4579000000003930E-002
          12   0.0000000000000000       -2.2505346907409032        1.9402405626600283E-009   6.1119899999994232E-002
          12   5.9999998658895493E-002  -2.2505346907409023        4.3402314730697112E-009  0.15885819999999740     
          12  0.11999999731779099       -2.2505346907409076        4.8674956700449386E-009   7.8924600000007672E-002
          12  0.17999999225139618       -2.2505346907409098        1.6837451260773719E-009  0.11330130000000338     
          12  0.23999999463558197       -2.2552392190064166        3.6253651261296450E-009   9.3693500000000540E-002
          12  0.29999998211860657       -2.2661483076396967        1.7946570898537159E-009  0.13209039999999561     
          12  0.35999998450279236       -2.2770573989822669        5.9495358079006630E-009  0.12514509999999746     
          12  0.41999998688697815       -2.2879664903248518        1.4929545086410414E-009   7.6812000000003877E-002
          12  0.47999998927116394       -2.2988755816674273        7.1969169668292185E-009   8.5672500000001151E-002
          12  0.53999996185302734       -2.3097846675914009        1.3900557380522681E-009   8.8038700000012682E-002
          12  0.59999996423721313       -2.3206937589339867        6.0495107997879787E-009   9.4200200000003065E-002
          12  0.65999996662139893       -2.3361833446886027        1.2589280693610822E-009  0.10716599999999232     
          12  0.71999996900558472       -2.3580015273737627        2.2842661287149236E-009   9.9369500000008770E-002
          12  0.77999997138977051       -2.3798197100589280        1.5451475368544648E-009   9.4747999999995614E-002
          12  0.83999997377395630       -2.4016378927440858        1.2945763535177621E-009  0.12221629999999095     
          12  0.89999997615814209       -2.4234560754292351        2.5892608935249572E-009   9.8344600000004334E-002
          12  0.95999997854232788       -2.4452742581144000        4.1536086602879030E-009  0.12427720000000875     
          12   1.0199999809265137       -2.4670924407995578        9.6807981907579612E-010  0.10537729999998646     
          12   1.0799999237060547       -2.4975229057792121        6.3293538058796447E-009   9.9453799999992043E-002
          12   1.1399999856948853       -2.5302502123185735        2.0873515281587450E-009  0.11567359999997961     
          12   1.1999999284744263       -2.5629774538346872        2.4977656407842038E-009  0.14415199999999118     
          12   1.2599999904632568       -2.5957047603740517        3.2028469068172638E-009  0.11545940000002020     
          12   1.3199999332427979       -2.6284320018901579        2.7488792709846489E-009  0.11253750000000196     
          12   1.3799999952316284       -2.6611593084295202        4.5630973125344403E-009  0.12708929999999441     
          12   1.4399999380111694       -2.7026903681134007        1.4327777669470226E-009  0.12563280000000532     
          12   1.5000000000000000       -2.7463267768325501        6.3285468242981785E-009  0.11165479999999661     
          12   1.5599999427795410       -2.7899630988540278        4.6795325128868067E-009  0.13326949999998305     
          12   1.6200000047683716       -2.8335995075731826        8.0584880586833989E-009  0.12048189999998726     
          12   1.6799999475479126       -2.8772358295946669        6.8047319785826191E-009  0.13590429999999287     
          12   1.7400000095367432       -2.9293828345687674        3.9141650259275296E-009  0.12503140000001167     
          12   1.7999999523162842       -2.9839282370956393        1.3593981076075179E-009  0.44314669999999978     
          12   1.8600000143051147       -3.0384737479945669        2.5628731883693576E-009  0.12053069999998911     
          12   1.9199999570846558       -3.0945454077287238        1.7520916604891353E-009  0.16831110000001104     
          12   1.9799998998641968       -3.1599998907609401        3.5199583563263139E-009  0.10849360000000274     
          12   2.0399999618530273       -3.2254545038396660        4.8900173928802745E-009  0.12605130000000031     
          12   2.0999999046325684       -3.2909089868718922        9.1634008080685266E-010  0.16963930000000005     
          12   2.1599998474121094       -3.3563634699041147        1.9110095897871946E-009  0.11516220000001454     
          12   2.2200000286102295       -3.4218182130293457        9.9430889238733642E-009  0.13544430000001739     
          12   2.2799999713897705       -3.4872726960615741        2.9095140791113601E-009  0.11544309999999314     
          12   2.3399999141693115       -3.5527271790937887        7.5254698656801604E-010   8.1927100000001474E-002
          12   2.3999998569488525       -3.6181816621260201        4.0129363118508087E-009   7.1243199999997842E-002
          12   2.4600000381469727       -3.6836364052512383        2.9851881089455955E-009   8.5290799999995670E-002
          12   2.5199999809265137       -3.7490908882834670        1.6370990132038562E-009   7.2618800000014971E-002
          12   2.5799999237060547       -3.8145453713156954        7.4993087399314158E-010   7.2220899999990706E-002
          12   2.6399998664855957       -3.8799998543479224        1.4035353562466859E-010   9.3389999999999418E-002
          12   2.7000000476837158       -3.9454545974731414        6.0715053608351694E-009   7.0194200000003093E-002
          12   2.7599999904632568       -4.0109090805053667        3.7680209561145392E-009   7.5029499999999416E-002
          12   2.8199999332427979       -4.0763635635376039        2.2654201856585860E-009   6.3337899999993397E-002
          12   2.8799998760223389       -4.1418180465698278        1.1541509486036319E-009  0.13121200000000499     
          12   2.9399998188018799       -4.2072725296020579        6.0171015614610098E-010   8.9860700000002680E-002
          12   3.0000000000000000       -4.2727272727272698        4.3676872608447523E-010  0.35260640000001331     
