           2   2.5419999999998222E-005   7.8890100000000157E-004
           3   3.8419999999997345E-005   8.7907699999999894E-004
           4   8.1594999999996809E-005   1.1736440000000015E-003
           5   4.2244600000000687E-004   1.8929830000000009E-003
           6   1.3733350000000033E-003   2.5753150000000224E-003
           7   4.7710900000000056E-003   3.2609160000000026E-003
           8   1.8560313999999967E-002   5.7274250000000082E-003
           9   7.8874893999999918E-002   1.0508132000000003E-002
          10  0.30270736099999951        1.8864411000000025E-002
          11   1.2955516100000004        4.2475653000000335E-002
          12   5.2763239030000051        8.7429550999999606E-002
