           2   5.5143099999999806E-004   1.6844349999999980E-003
           3   5.7717599999999869E-004   1.9738390000000050E-003
           4   6.9863300000000406E-004   3.0241119999999955E-003
           5   1.0108489999999803E-003   4.4747930000000047E-003
           6   1.9453630000000333E-003   5.6434510000000215E-003
           7   5.9255740000000445E-003   6.2207100000000182E-003
           8   1.9875735000000061E-002   9.1675239999999825E-003
           9   7.7566157999999996E-002   1.2820092000000116E-002
          10  0.32023533500000045        2.2921417000000055E-002
          11   1.3666108280000024        3.7998697000002579E-002
          12   5.3317117189999976        3.4410354000002030E-002
