           2   2.3646400000000047E-004   8.3362799999999945E-004
           3   2.7385600000000287E-004   1.0967920000000062E-003
           4   2.4039500000000436E-004   1.2897439999999954E-003
           5   3.4407699999999819E-004   1.8436419999999926E-003
           6   6.7231300000000771E-004   2.7682509999999994E-003
           7   1.4643350000000110E-003   2.3720180000000035E-003
           8   4.8208840000000253E-003   3.0772339999999843E-003
           9   1.8584695000000040E-002   3.9565409999999801E-003
          10   7.7827701000000138E-002   5.7616430000000385E-003
          11  0.33228651499999984        7.6300740000005973E-003
          12   1.8092737330000013        2.1063226999999074E-002
