           1  -1.9285329135359366       -1.0000000000000000        1.0000000000000000     
           2  -1.9285329135359373       -1.0001124999949709       0.97000000067055225     
           3  -1.9285329135359361       -1.0004499999798835       0.94000000134110451     
           4  -1.9285329135359366       -1.0010124999128283       0.91000000387430191     
           5  -1.9285329135359373       -1.0017999999195337       0.88000000268220901     
           6  -1.9285329135359366       -1.0028124996647239       0.85000000894069672     
           7  -1.9285329135359348       -1.0040499996513128       0.82000000774860382     
           8  -1.9285329135359344       -1.0055124996557832       0.79000000655651093     
           9  -1.9285329135359379       -1.0071999996781349       0.76000000536441803     
          10  -1.9285329135359379       -1.0091124987125397       0.73000001907348633     
          11  -1.9285329135359361       -1.0112499986588954       0.70000001788139343     
          12  -1.9285329135359379       -1.0136124986231327       0.67000001668930054     
          13  -1.9285329135359359       -1.0161999986052512       0.64000001549720764     
          14  -1.9285329135359379       -1.0190124986052513       0.61000001430511475     
          15  -1.9285329135359368       -1.0220499986231326       0.58000001311302185     
          16  -1.9285329135359348       -1.0253124986588955       0.55000001192092896     
          17  -1.9285329135359413       -1.0287999987125396       0.52000001072883606     
          18  -1.9285329135359379       -1.0325124987840653       0.49000000953674316     
          19  -1.9285329135359375       -1.0364499948501589       0.46000003814697266     
          20  -1.9285329135359388       -1.0406124989807606       0.43000000715255737     
          21  -1.9285329135359361       -1.0449999946355821       0.40000003576278687     
          22  -1.9285329135359386       -1.0496124992489815       0.37000000476837158     
          23  -1.9285329135359361       -1.0544499944925310       0.34000003337860107     
          24  -1.9285329135359390       -1.0595124995887280       0.31000000238418579     
          25  -1.9285329135359353       -1.0647999944210054       0.28000003099441528     
          26  -1.9285329135359370       -1.0703125000000000       0.25000000000000000     
          27  -1.9285329135359379       -1.0760499944210054       0.22000002861022949     
          28  -1.9355659936885574       -1.0820125004827976       0.18999999761581421     
          29  -1.9441374140856369       -1.0881999944925309       0.16000002622604370     
          30  -1.9527088515126105       -1.0946125010371208       0.12999999523162842     
          31  -1.9612802719096893       -1.1012499946355820       0.10000002384185791     
          32  -1.9698517093366632       -1.1081125016629696        6.9999992847442627E-002
          33  -1.9784231297337473       -1.1151999948501587        4.0000021457672119E-002
          34  -1.9869945501308142       -1.1225124876081947        1.0000050067901611E-002
          35  -1.9955659875577985       -1.1300499951362610       -1.9999980926513672E-002
          36  -2.0041374079548735       -1.1378124874830249       -4.9999952316284180E-002
          37  -2.0127088283519483       -1.1457999794006355       -7.9999923706054688E-002
          38  -2.0212802828088239       -1.1540125039696694      -0.11000001430511475     
          39  -2.0298517032058974       -1.1624499959230423      -0.13999998569488525     
          40  -2.0384231236029788       -1.1711124874472620      -0.16999995708465576     
          41  -2.0469945440000550       -1.1799999785423285      -0.19999992847442627     
          42  -2.0555659984569323       -1.1891125058650971      -0.23000001907348633     
          43  -2.0641374188540080       -1.1984499969959259      -0.25999999046325684     
          44  -2.0727088392510855       -1.2080124876976015      -0.28999996185302734     
          45  -2.0812802596481594       -1.2177999779701238      -0.31999993324279785     
          46  -2.0898517141050332       -1.2278125080466271      -0.35000002384185791     
          47  -2.0984231345021120       -1.2380499983549118      -0.37999999523162842     
          48  -2.1069945548991922       -1.2485124882340433      -0.40999996662139893     
          49  -2.1155659752962657       -1.2591999776840215      -0.43999993801116943     
          50  -2.1241373956933414       -1.2701124667048465      -0.46999990940093994     
          51  -2.1327088501502174       -1.2812500000000000      -0.50000000000000000     
          52  -2.1412802705472989       -1.2926124890565873      -0.52999997138977051     
          53  -2.1498516909443737       -1.3041999776840214      -0.55999994277954102     
          54  -2.1584231113414463       -1.3160124658823023      -0.58999991416931152     
          55  -2.1669945657983241       -1.3280500019311905      -0.62000000476837158     
          56  -2.1755659861954024       -1.3403124901652337      -0.64999997615814209     
          57  -2.1841374065924817       -1.3527999779701236      -0.67999994754791260     
          58  -2.1927088269895583       -1.3655124653458603      -0.70999991893768311     
          59  -2.2012802814464307       -1.3784500041484833      -0.74000000953674316     
          60  -2.2098517018435095       -1.3916124915599823      -0.76999998092651367     
          61  -2.2184231222405870       -1.4049999785423282      -0.79999995231628418     
          62  -2.2269945426376601       -1.4186124650955207      -0.82999992370605469     
          63  -2.2355659970945392       -1.4324500066518784      -0.86000001430511475     
          64  -2.2441374174916149       -1.4465124932408333      -0.88999998569488525     
          65  -2.2527088378886928       -1.4607999794006350      -0.91999995708465576     
          66  -2.2612802582857681       -1.4753124651312834      -0.94999992847442627     
          67  -2.2698516786828478       -1.4900499504327787      -0.97999989986419678     
          68  -2.2784231331397193       -1.5050124952077866       -1.0099999904632568     
          69  -2.2869945535367937       -1.5201999805450441       -1.0399999618530273     
          70  -2.2955659739338770       -1.5356124654531484       -1.0699999332427979     
          71  -2.3041373943309518       -1.5512499499320995       -1.0999999046325684     
          72  -2.3127088147280319       -1.5671124339818974       -1.1299998760223389     
          73  -2.3212802351251098       -1.5831999176025420       -1.1599998474121094     
          74  -2.3298517236417808       -1.5995125313282017       -1.1900000572204590     
          75  -2.3384231440388552       -1.6160500158786775       -1.2200000286102295     
          76  -2.3469945644359305       -1.6328125000000000       -1.2500000000000000     
          77  -2.3555659848330115       -1.6497999836921693       -1.2799999713897705     
          78  -2.3666362529097174       -1.6670124669551853       -1.3099999427795410     
          79  -2.3837790937038683       -1.6844499497890482       -1.3399999141693115     
          80  -2.4009219344980210       -1.7021124321937577       -1.3699998855590820     
          81  -2.4180647752921773       -1.7199999141693141       -1.3999998569488525     
          82  -2.4352076160863292       -1.7381123957157172       -1.4299998283386230     
          83  -2.4523505931196761       -1.7564500234603884       -1.4600000381469727     
          84  -2.4694934339138328       -1.7750125059366226       -1.4900000095367432     
          85  -2.4866362747079833       -1.7937999879837037       -1.5199999809265137     
          86  -2.5037791155021338       -1.8128124696016314       -1.5499999523162842     
          87  -2.5209219562962835       -1.8320499507904060       -1.5799999237060547     
          88  -2.5380647970904486       -1.8515124315500273       -1.6099998950958252     
          89  -2.5552076378846027       -1.8711999118804954       -1.6399998664855957     
          90  -2.5723504786787599       -1.8911123917818102       -1.6699998378753662     
          91  -2.5894934557121019       -1.9112500321865085       -1.7000000476837158     
          92  -2.6066362965062551       -1.9316125130176545       -1.7300000190734863     
          93  -2.6237791373004060       -1.9521999934196472       -1.7599999904632568     
          94  -2.6409219780945610       -1.9730124733924868       -1.7899999618530273     
          95  -2.6580648188887204       -1.9940499529361730       -1.8199999332427979     
          96  -2.6752076596828696       -2.0153124320507061       -1.8499999046325684     
          97  -2.6923505004770285       -2.0367999107360859       -1.8799998760223389     
          98  -2.7094933412711830       -2.0585123889923125       -1.9099998474121094     
          99  -2.7266361820653344       -2.0804498668193858       -1.9399998188018799     
         100  -2.7437791590986813       -2.1026125212430955       -1.9700000286102295     
