  -1.0000000000000000       -3.1857808172856337     
 -0.94736842105263153       -3.1661804704363412     
 -0.89473684210526305       -3.1477865288756033     
 -0.84210526315789469       -3.1305657227410379     
 -0.78947368421052633       -3.1144886158627414     
 -0.73684210526315785       -3.0995296329252167     
 -0.68421052631578938       -3.0856669088258339     
 -0.63157894736842102       -3.0728820179144312     
 -0.57894736842105265       -3.0611596311044704     
 -0.52631578947368418       -3.0504871390081605     
 -0.47368421052631576       -3.0408542702643264     
 -0.42105263157894735       -3.0322527264931680     
 -0.36842105263157893       -3.0246758488630276     
 -0.31578947368421051       -3.0181183259517055     
 -0.26315789473684209       -3.0125759482308836     
 -0.21052631578947367       -3.0080454109081374     
 -0.15789473684210525       -3.0045241638781346     
 -0.10526315789473684       -3.0020103050602382     
  -5.2631578947368418E-002  -3.0005025113742474     
   0.0000000000000000       -3.0000000000000004     
   5.2631578947368418E-002  -3.0005025113742438     
  0.10526315789473684       -3.0020103050602427     
  0.15789473684210525       -3.0045241638781390     
  0.21052631578947367       -3.0080454109081365     
  0.26315789473684209       -3.0125759482308858     
  0.31578947368421051       -3.0181183259517099     
  0.36842105263157893       -3.0246758488630316     
  0.42105263157894735       -3.0322527264931711     
  0.47368421052631576       -3.0408542702643264     
  0.52631578947368418       -3.0504871390081565     
  0.57894736842105265       -3.0611596311044758     
  0.63157894736842102       -3.0728820179144307     
  0.68421052631578938       -3.0856669088258282     
  0.73684210526315785       -3.0995296329252118     
  0.78947368421052633       -3.1144886158627334     
  0.84210526315789469       -3.1305657227410322     
  0.89473684210526305       -3.1477865288755980     
  0.94736842105263153       -3.1661804704363408     
   1.0000000000000000       -3.1857808172856323     
   1.0526315789473684       -3.2066244026535453     
