           1  -1.9285329135359357       -1.0012500000372528       0.89999999850988388     
           2  -1.9285329135359379       -1.0050000001490116       0.79999999701976776     
           3  -1.9285329135359361       -1.0112500008940697       0.69999998807907104     
           4  -1.9285329135359373       -1.0200000005960463       0.59999999403953552     
           5  -1.9285329135359377       -1.0312500000000000       0.50000000000000000     
           6  -1.9285329135359355       -1.0450000035762788       0.39999997615814209     
           7  -1.9285329135359353       -1.0612499979138375       0.30000001192092896     
           8  -1.9327088535562029       -1.0800000023841858       0.19999998807907104     
           9  -1.9612802889395891       -1.1012500080466272        9.9999964237213135E-002
          10  -1.9898517072930715       -1.1250000000000000        0.0000000000000000     
          11  -2.0184231426764669       -1.1512500065565110      -0.10000002384185791     
          12  -2.0469945780598535       -1.1800000143051150      -0.20000004768371582     
          13  -2.0755660134432374       -1.2112500232458121      -0.30000007152557373     
          14  -2.1041374147668375       -1.2449999916553498      -0.39999997615814209     
          15  -2.1327088501502174       -1.2812500000000000      -0.50000000000000000     
          16  -2.1612802855336075       -1.3200000095367432      -0.60000002384185791     
          17  -2.1898517209169954       -1.3612500202655795      -0.70000004768371582     
          18  -2.2184231563003802       -1.4050000321865088      -0.80000007152557373     
          19  -2.2469945576239736       -1.4512499886751176      -0.89999997615814209     
          20  -2.2755659930073593       -1.5000000000000000       -1.0000000000000000     
          21  -2.3041374624505444       -1.5512500751018550       -1.1000001430511475     
          22  -2.3327088637741364       -1.6050000262260440       -1.2000000476837158     
          23  -2.3612802650977294       -1.6612499725818637       -1.2999999523162842     
          24  -2.4180649115313666       -1.7200000572204601       -1.4000000953674316     
          25  -2.4752077141785480       -1.7812500000000000       -1.5000000000000000     
          26  -2.5323506530649182       -1.8450000929832484       -1.6000001430511475     
          27  -2.5894934557121019       -1.9112500321865085       -1.7000000476837158     
          28  -2.6466362583592797       -1.9799999666213992       -1.7999999523162842     
          29  -2.7037791972456486       -2.0512500691413891       -1.9000000953674316     
          30  -2.7609219998928323       -2.1250000000000000       -2.0000000000000000     
          31  -2.8180649387792052       -2.2012501108646418       -2.1000001430511475     
          32  -2.8752077414263866       -2.2800000381469729       -2.2000000476837158     
          33  -2.9323505440735680       -2.3612499606609347       -2.2999999523162842     
          34  -3.0136455288928197       -2.4450000810623180       -2.4000000953674316     
          35  -3.0993597328635900       -2.5312500000000000       -2.5000000000000000     
          36  -3.1850741411931538       -2.6200001287460353       -2.6000001430511475     
          37  -3.2707883451639161       -2.7112500441074374       -2.7000000476837158     
          38  -3.3565025491346958       -2.8049999547004703       -2.7999999523162842     
          39  -3.4571429661342075       -2.9012500929832470       -2.9000000953674316     
          40  -3.5714285714285716       -3.0000000000000000       -3.0000000000000000     
          41  -3.6857141767229353       -3.1012499022483837       -3.0999999046325684     
          42  -3.8000003269740512       -3.2050003004074199       -3.2000002861022949     
          43  -3.9142859322684154       -3.3112502050399826       -3.3000001907348633     
          44  -4.0285715375627786       -3.4200001049041759       -3.4000000953674316     
          45  -4.1428571428571432       -3.5312500000000000       -3.5000000000000000     
          46  -4.2571427481515070       -3.6449998903274548       -3.5999999046325684     
          47  -4.3714288984026224       -3.7612503361702068       -3.7000002861022949     
          48  -4.4857145036969870       -3.8800002288818405       -3.8000001907348633     
          49  -4.6000001089913507       -4.0012501168251049       -3.9000000953674316     
          50  -4.7142857142857144       -4.1250000000000000       -4.0000000000000000     
          51  -4.8285713195800781       -4.2512498784065258       -4.0999999046325684     
          52  -4.9428574698311945       -4.3800003719329936       -4.2000002861022949     
          53  -5.0571430751255582       -4.5112502527236984       -4.3000001907348633     
          54  -5.1714286804199219       -4.6450001287460339       -4.4000000953674316     
          55  -5.2857142857142856       -4.7812500000000000       -4.5000000000000000     
          56  -5.3999998910086493       -4.9199998664855968       -4.5999999046325684     
          57  -5.5142860412597656       -5.0612504076957805       -4.7000002861022949     
          58  -5.6285716465541293       -5.2050002765655563       -4.8000001907348633     
          59  -5.7428572518484930       -5.3512501406669628       -4.9000000953674316     
          60  -5.8571428571428568       -5.5000000000000000       -5.0000000000000000     
          61  -5.9714284624372214       -5.6512498545646679       -5.0999999046325684     
          62  -6.0857146126883368       -5.8050004434585674       -5.2000002861022949     
          63  -6.2000002179827005       -5.9612503004074142       -5.3000001907348633     
          64  -6.3142858232770651       -6.1200001525878918       -5.4000000953674316     
          65  -6.4285714285714288       -6.2812500000000000       -5.5000000000000000     
          66  -6.5428570338657925       -6.4449998426437389       -5.5999999046325684     
          67  -6.6571431841169089       -6.6112504792213542       -5.7000002861022949     
          68  -6.7714287894112726       -6.7800003242492721       -5.8000001907348633     
          69  -6.8857143947056363       -6.9512501645088207       -5.9000000953674316     
          70  -7.0000000000000000       -7.1250000000000000       -6.0000000000000000     
          71  -7.1142856052943637       -7.3012498307228100       -6.0999999046325684     
          72  -7.2285717555454800       -7.4800005149841411       -6.2000002861022949     
          73  -7.3428573608398438       -7.6612503480911300       -6.3000001907348633     
          74  -7.4571429661342075       -7.8450001764297497       -6.4000000953674316     
          75  -7.5714285714285712       -8.0312500000000000       -6.5000000000000000     
          76  -7.6857141767229349       -8.2199998188018810       -6.5999999046325684     
          77  -7.8000003269740512       -8.4112505507469280       -6.7000002861022949     
          78  -7.9142859322684149       -8.6050003719329879       -6.8000001907348633     
          79  -8.0285715375627795       -8.8012501883506786       -6.9000000953674316     
          80  -8.1428571428571423       -9.0000000000000000       -7.0000000000000000     
          81  -8.2571432931082587       -9.2012507724762145       -7.1000003814697266     
          82  -8.3714283534458698       -9.4049996089935348       -7.1999998092651367     
          83  -8.4857145036969861       -9.6112503957748459       -7.3000001907348633     
          84  -8.6000006539481024       -9.8200012016296796       -7.4000005722045898     
          85  -8.7142857142857135       -10.031250000000000       -7.5000000000000000     
          86  -8.8285718645368298       -10.245000820159930       -7.6000003814697266     
          87  -8.9428569248744427       -10.461249585151677       -7.6999998092651367     
          88  -9.0571430751255573       -10.680000419616704       -7.8000001907348633     
          89  -9.1714292253766736       -10.901251273155253       -7.9000005722045898     
          90  -9.2857142857142865       -11.125000000000000       -8.0000000000000000     
          91  -9.4000004359654010       -11.351250867843646       -8.1000003814697266     
          92  -9.5142854963030139       -11.579999561309819       -8.1999998092651367     
          93  -9.6285716465541302       -11.811250443458562       -8.3000001907348633     
          94  -9.7428577968052448       -12.045001344680827       -8.4000005722045898     
          95  -9.8571428571428577       -12.281250000000000       -8.5000000000000000     
          96  -9.9714290073939740       -12.520000915527362       -8.6000003814697266     
          97  -10.085714067731585       -12.761249537467961       -8.6999998092651367     
          98  -10.200000217982701       -13.005000467300420       -8.8000001907348633     
          99  -10.314286368233818       -13.251251416206401       -8.9000005722045898     
         100  -10.428571428571429       -13.500000000000000       -9.0000000000000000     
