   0.0000000000000000      -0.99999999999999978     
  0.15000000596046448       -1.0080494008776664     
  0.30000001192092896       -1.0323742883108287     
  0.45000001788139343       -1.0736822491052929     
  0.60000002384185791       -1.1339744721224945     
  0.75000000000000000       -1.2168473608974253     
  0.90000003576278687       -1.3234511206553996     
   1.0500000715255737       -1.4489159075701814     
   1.2000000476837158       -1.5868878548941292     
   1.3500000238418579       -1.7329600222676047     
   1.5000000000000000       -1.8844864217412687     
   1.6500000953674316       -2.0398552293546555     
   1.8000000715255737       -2.1980367559588139     
   1.9500000476837158       -2.3583427804689445     
   2.1000001430511475       -2.5202949058917570     
   2.2500000000000000       -2.6835491746059068     
   2.4000000953674316       -2.8478527027693565     
   2.5500001907348633       -3.0130140349840993     
   2.7000000476837158       -3.1788858119371732     
   2.8500001430511475       -3.3453534724509240     
