   0.0000000000000000       -1.0000000000000036     
  0.15000000596046448       -1.1750000069538753     
  0.30000001192092896       -1.3500000139077504     
  0.45000001788139343       -1.5250000208616257     
  0.60000002384185791       -1.7000000278155010     
  0.75000000000000000       -1.8750000000000000     
  0.90000003576278687       -2.0500000417232513     
   1.0500000715255737       -2.2250000834465027     
   1.2000000476837158       -2.4000000556310019     
   1.3500000238418579       -2.5750000278155007     
   1.5000000000000000       -2.7500000000000000     
   1.6500000953674316       -2.9250001112620034     
   1.8000000715255737       -3.1000000834465027     
   1.9500000476837158       -3.2750000556310019     
   2.1000001430511475       -3.4500001668930054     
   2.2500000000000000       -3.6250000000000000     
   2.4000000953674316       -3.8000001112620034     
   2.5500001907348633       -3.9750002225240073     
   2.7000000476837158       -4.1500000556310015     
   2.8500001430511475       -4.3250001668930054     
   3.0000000000000000       -4.5000000000000000     
