   0.0000000000000000      -0.99999999999999978     
  0.15000000596046448       -1.0090181557457116     
  0.30000001192092896       -1.0363927593408435     
  0.45000001788139343       -1.0836737783682551     
  0.60000002384185791       -1.1541838451268556     
  0.75000000000000000       -1.2504318892801618     
  0.90000003576278687       -1.3698392930889629     
   1.0500000715255737       -1.5061947764080721     
   1.2000000476837158       -1.6538689179449371     
   1.3500000238418579       -1.8090922566766394     
   1.5000000000000000       -1.9695142942309207     
   1.6500000953674316       -2.1336506972714107     
   1.8000000715255737       -2.3005300502712318     
   1.9500000476837158       -2.4694930675965798     
   2.1000001430511475       -2.6400768587902519     
   2.2500000000000000       -2.8119463062008196     
   2.4000000953674316       -2.9848538968907135     
   2.5500001907348633       -3.1586115298315289     
   2.7000000476837158       -3.3330740346628147     
   2.8500001430511475       -3.5081283634623910     
   3.0000000000000000       -3.6836836060319471     
