   0.0000000000000000       -1.0000000000000000     
  0.15000000596046448       -1.3000000119209290     
  0.30000001192092896       -1.6000000238418579     
  0.45000001788139343       -1.9000000357627869     
  0.60000002384185791       -2.2000000476837158     
  0.75000000000000000       -2.5000000000000000     
  0.90000003576278687       -2.8000000715255737     
   1.0500000715255737       -3.1000001430511475     
   1.2000000476837158       -3.4000000953674316     
   1.3500000238418579       -3.7000000476837158     
   1.5000000000000000       -4.0000000000000000     
   1.6500000953674316       -4.3000001907348633     
   1.8000000715255737       -4.6000001430511475     
   1.9500000476837158       -4.9000000953674316     
   2.1000001430511475       -5.2000002861022949     
   2.2500000000000000       -5.5000000000000000     
   2.4000000953674316       -5.8000001907348633     
   2.5500001907348633       -6.1000003814697266     
   2.7000000476837158       -6.4000000953674316     
   2.8500001430511475       -6.7000002861022949     
   3.0000000000000000       -7.0000000000000000     
