   0.0000000000000000       -1.0000000000000000     
  0.15000000596046448       -1.0114360686091357     
  0.30000001192092896       -1.0477756027957799     
  0.45000001788139343       -1.1134258592750041     
  0.60000002384185791       -1.2104619540783279     
  0.75000000000000000       -1.3352718555620153     
  0.90000003576278687       -1.4808910656871170     
   1.0500000715255737       -1.6408432773609043     
   1.2000000476837158       -1.8105065827038818     
   1.3500000238418579       -1.9868628647592719     
   1.5000000000000000       -2.1679638523754705     
   1.6500000953674316       -2.3525286854863556     
   1.8000000715255737       -2.5396910806325965     
   1.9500000476837158       -2.7288485917191161     
   2.1000001430511475       -2.9195705611943423     
   2.2500000000000000       -3.1115409381710339     
   2.4000000953674316       -3.3045240869176475     
   2.5500001907348633       -3.4983394426701597     
   2.7000000476837158       -3.6928468071058318     
   2.8500001430511475       -3.8879365971548210     
   3.0000000000000000       -4.0835202075614312     
