   0.0000000000000000       -1.0000000000000000     
  0.15000000596046448       -1.2250000089406967     
  0.30000001192092896       -1.4500000178813934     
  0.45000001788139343       -1.6750000268220901     
  0.60000002384185791       -1.9000000357627869     
  0.75000000000000000       -2.1250000000000000     
  0.90000003576278687       -2.3500000536441803     
   1.0500000715255737       -2.5750001072883606     
   1.2000000476837158       -2.8000000715255737     
   1.3500000238418579       -3.0250000357627869     
   1.5000000000000000       -3.2500000000000000     
   1.6500000953674316       -3.4750001430511475     
   1.8000000715255737       -3.7000001072883606     
   1.9500000476837158       -3.9250000715255737     
   2.1000001430511475       -4.1500002145767212     
   2.2500000000000000       -4.3750000000000000     
   2.4000000953674316       -4.6000001430511475     
   2.5500001907348633       -4.8250002861022949     
   2.7000000476837158       -5.0500000715255737     
   2.8500001430511475       -5.2750002145767212     
   3.0000000000000000       -5.5000000000000000     
