   0.0000000000000000      -0.99999999999999989     
  0.15000000596046448       -1.0084523783785850     
  0.30000001192092896       -1.0340216226049872     
  0.45000001788139343       -1.0776830023144610     
  0.60000002384185791       -1.1420500537566391     
  0.75000000000000000       -1.2305482083610422     
  0.90000003576278687       -1.3426599110108253     
   1.0500000715255737       -1.4727476995281155     
   1.2000000476837158       -1.6147874603642560     
   1.3500000238418579       -1.7646792453754905     
   1.5000000000000000       -1.9199139433815045     
   1.6500000953674316       -2.0789364288508945     
   1.8000000715255737       -2.2407422094579013     
   1.9500000476837158       -2.4046553679279214     
   2.1000001430511475       -2.5702040400754402     
   2.2500000000000000       -2.7370479739998239     
   2.4000000953674316       -2.9049365312341382     
   2.5500001907348633       -3.0736796567107789     
   2.7000000476837158       -3.2431309041931029     
   2.8500001430511475       -3.4131763434306444     
