   0.0000000000000000      -0.99999999999999967     
  0.15000000596046448       -1.0098802270671439     
  0.30000001192092896       -1.0402185518449256     
  0.45000001788139343       -1.0937140642370990     
  0.60000002384185791       -1.1740136290449301     
  0.75000000000000000       -1.2814298497488572     
  0.90000003576278687       -1.4111086021136536     
   1.0500000715255737       -1.5565358883951093     
   1.2000000476837158       -1.7125469934161104     
   1.3500000238418579       -1.8757308040057734     
   1.5000000000000000       -2.0439217195459141     
   1.6500000953674316       -2.2157247741407455     
   1.8000000715255737       -2.3902129164628376     
   1.9500000476837158       -2.5667501011734575     
   2.1000001430511475       -2.7448863104169456     
   2.2500000000000000       -2.9242939127468519     
   2.4000000953674316       -3.1047300000586135     
   2.5500001907348633       -3.2860093682104621     
   2.7000000476837158       -3.4679887459541070     
   2.8500001430511475       -3.6505564022425174     
   3.0000000000000000       -3.8336223004485559     
